380.0	0.0188
381.0	0.01966
382.0	0.02052
383.0	0.02138
384.0	0.02224
385.0	0.0231
386.0	0.02422
387.0	0.025339999999999998
388.0	0.026459999999999997
389.0	0.02758
390.0	0.0287
391.0	0.02944
392.0	0.03018
393.0	0.03092
394.0	0.03166
395.0	0.0324
396.0	0.0392
397.0	0.046
398.0	0.0528
399.0	0.0596
400.0	0.0664
401.0	0.14394
402.0	0.22148
403.0	0.29902
404.0	0.37656
405.0	0.4541
406.0	0.37616
407.0	0.29822000000000004
408.0	0.22028000000000003
409.0	0.14234000000000002
410.0	0.0644
411.0	0.06202
412.0	0.05964
413.0	0.05726
414.0	0.05488
415.0	0.0525
416.0	0.05362
417.0	0.05474
418.0	0.05586
419.0	0.056979999999999996
420.0	0.0581
421.0	0.05922
422.0	0.060340000000000005
423.0	0.06146
424.0	0.06258000000000001
425.0	0.0637
426.0	0.06484000000000001
427.0	0.06598000000000001
428.0	0.06712
429.0	0.06826
430.0	0.0694
431.0	0.25552
432.0	0.44164000000000003
433.0	0.62776
434.0	0.81388
435.0	1.0
436.0	0.85304
437.0	0.70608
438.0	0.55912
439.0	0.41215999999999997
440.0	0.2652
441.0	0.22899999999999998
442.0	0.1928
443.0	0.15660000000000002
444.0	0.12040000000000001
445.0	0.0842
446.0	0.0852
447.0	0.0862
448.0	0.0872
449.0	0.0882
450.0	0.0892
451.0	0.08998
452.0	0.09076000000000001
453.0	0.09154
454.0	0.09232
455.0	0.0931
456.0	0.0937
457.0	0.09430000000000001
458.0	0.0949
459.0	0.0955
460.0	0.0961
461.0	0.09662
462.0	0.09714
463.0	0.09766
464.0	0.09818
465.0	0.0987
466.0	0.09904
467.0	0.09938
468.0	0.09972
469.0	0.10006
470.0	0.1004
471.0	0.10066
472.0	0.10092
473.0	0.10118
474.0	0.10144
475.0	0.1017
476.0	0.10176
477.0	0.10182
478.0	0.10188
479.0	0.10193999999999999
480.0	0.102
481.0	0.102
482.0	0.102
483.0	0.102
484.0	0.102
485.0	0.102
486.0	0.10234
487.0	0.10268
488.0	0.10302
489.0	0.10336
490.0	0.1037
491.0	0.10318
492.0	0.10266
493.0	0.10214
494.0	0.10162
495.0	0.1011
496.0	0.1007
497.0	0.1003
498.0	0.09989999999999999
499.0	0.09949999999999999
500.0	0.0991
501.0	0.09895999999999999
502.0	0.09881999999999999
503.0	0.09868
504.0	0.09854
505.0	0.0984
506.0	0.09860000000000001
507.0	0.0988
508.0	0.099
509.0	0.0992
510.0	0.0994
511.0	0.10026
512.0	0.10112
513.0	0.10198
514.0	0.10284
515.0	0.1037
516.0	0.10548
517.0	0.10726000000000001
518.0	0.10904
519.0	0.11082
520.0	0.1126
521.0	0.11584
522.0	0.11908
523.0	0.12232
524.0	0.12556
525.0	0.1288
526.0	0.13402
527.0	0.13924
528.0	0.14446
529.0	0.14968
530.0	0.1549
531.0	0.1623
532.0	0.1697
533.0	0.17709999999999998
534.0	0.1845
535.0	0.1919
536.0	0.20185999999999998
537.0	0.21181999999999998
538.0	0.22177999999999998
539.0	0.23174
540.0	0.2417
541.0	0.34256
542.0	0.44342
543.0	0.54428
544.0	0.6451399999999999
545.0	0.746
546.0	0.6966
547.0	0.6472
548.0	0.5978
549.0	0.5484
550.0	0.499
551.0	0.49088
552.0	0.48275999999999997
553.0	0.47464
554.0	0.46652
555.0	0.4584
556.0	0.47458
557.0	0.49076
558.0	0.50694
559.0	0.52312
560.0	0.5393
561.0	0.55482
562.0	0.57034
563.0	0.58586
564.0	0.60138
565.0	0.6169
566.0	0.62984
567.0	0.64278
568.0	0.65572
569.0	0.66866
570.0	0.6816
571.0	0.7056399999999999
572.0	0.72968
573.0	0.75372
574.0	0.77776
575.0	0.8018
576.0	0.8148799999999999
577.0	0.8279599999999999
578.0	0.84104
579.0	0.85412
580.0	0.8672
581.0	0.8475199999999999
582.0	0.82784
583.0	0.80816
584.0	0.7884800000000001
585.0	0.7688
586.0	0.76656
587.0	0.76432
588.0	0.7620800000000001
589.0	0.7598400000000001
590.0	0.7576
591.0	0.75232
592.0	0.74704
593.0	0.74176
594.0	0.73648
595.0	0.7312
596.0	0.72308
597.0	0.7149599999999999
598.0	0.70684
599.0	0.69872
600.0	0.6906
601.0	0.68082
602.0	0.67104
603.0	0.6612600000000001
604.0	0.6514800000000001
605.0	0.6417
606.0	0.63054
607.0	0.61938
608.0	0.60822
609.0	0.59706
610.0	0.5859
611.0	0.5744
612.0	0.5629
613.0	0.5514
614.0	0.5398999999999999
615.0	0.5284
616.0	0.51796
617.0	0.50752
618.0	0.49707999999999997
619.0	0.48664
620.0	0.4762
621.0	0.46392
622.0	0.45164
623.0	0.43936
624.0	0.42708
625.0	0.4148
626.0	0.40404
627.0	0.39328
628.0	0.38251999999999997
629.0	0.37176
630.0	0.361
631.0	0.35168
632.0	0.34236
633.0	0.33304
634.0	0.32372
635.0	0.3144
636.0	0.30554000000000003
637.0	0.29668
638.0	0.28782
639.0	0.27896
640.0	0.2701
641.0	0.26238
642.0	0.25466
643.0	0.24694
644.0	0.23922000000000002
645.0	0.2315
646.0	0.22484
647.0	0.21818
648.0	0.21151999999999999
649.0	0.20486
650.0	0.1982
651.0	0.19232
652.0	0.18644
653.0	0.18056
654.0	0.17468
655.0	0.1688
656.0	0.16384
657.0	0.15888
658.0	0.15392
659.0	0.14895999999999998
660.0	0.144
661.0	0.13957999999999998
662.0	0.13516
663.0	0.13074
664.0	0.12632
665.0	0.1219
666.0	0.1182
667.0	0.1145
668.0	0.11080000000000001
669.0	0.1071
670.0	0.1034
671.0	0.10016
672.0	0.09692
673.0	0.09368
674.0	0.09044
675.0	0.0872
676.0	0.08456
677.0	0.08191999999999999
678.0	0.07927999999999999
679.0	0.07664
680.0	0.074
681.0	0.07182
682.0	0.06964
683.0	0.06746
684.0	0.06528
685.0	0.0631
686.0	0.061700000000000005
687.0	0.0603
688.0	0.0589
689.0	0.057499999999999996
690.0	0.0561
691.0	0.05406
692.0	0.05202
693.0	0.04998
694.0	0.04794
695.0	0.0459
696.0	0.044520000000000004
697.0	0.043140000000000005
698.0	0.041760000000000005
699.0	0.04038
700.0	0.039
701.0	0.038
702.0	0.037
703.0	0.036000000000000004
704.0	0.035
705.0	0.034
706.0	0.03302
707.0	0.03204
708.0	0.03106
709.0	0.030080000000000003
710.0	0.0291
711.0	0.02816
712.0	0.02722
713.0	0.02628
714.0	0.02534
715.0	0.0244
716.0	0.02374
717.0	0.02308
718.0	0.022420000000000002
719.0	0.02176
720.0	0.0211
721.0	0.02044
722.0	0.01978
723.0	0.019119999999999998
724.0	0.01846
725.0	0.0178
726.0	0.01748
727.0	0.017159999999999998
728.0	0.01684
729.0	0.01652
730.0	0.0162
731.0	0.016
732.0	0.015799999999999998
733.0	0.0156
734.0	0.0154
735.0	0.0152
736.0	0.01494
737.0	0.01468
738.0	0.014419999999999999
739.0	0.014159999999999999
740.0	0.0139
741.0	0.01356
742.0	0.013219999999999999
743.0	0.012879999999999999
744.0	0.01254
745.0	0.0122
746.0	0.0122
747.0	0.0122
748.0	0.0122
749.0	0.0122
750.0	0.0122
751.0	0.011940000000000001
752.0	0.011680000000000001
753.0	0.01142
754.0	0.01116
755.0	0.0109
756.0	0.01104
757.0	0.011179999999999999
758.0	0.01132
759.0	0.01146
760.0	0.0116
761.0	0.01166
762.0	0.01172
763.0	0.01178
764.0	0.01184
765.0	0.0119
766.0	0.01156
767.0	0.01122
768.0	0.01088
769.0	0.01054
770.0	0.0102
771.0	0.00988
772.0	0.00956
773.0	0.00924
774.0	0.00892
775.0	0.0086
776.0	0.00814
