190.543248   -5.337566188197798
190.9926453981412   -5.337566188197798
191.44206150612962   -5.337566188197798
191.8914961943124   -28.33230303030291
192.3409493330368   -35.23072408293456
192.79042079265002   -49.027566188197625
193.23991044349918   -97.3165135566187
193.6894181559316   26.855065390749587
194.13894380029438   -3.0380925039871727
194.58848724693482   10.758749601275895
195.03804836619997   -14.535460925039843
195.4876270284372   72.84453907496027
195.9372231039936   -37.53019776714518
196.38683646321638   61.3471706539076
196.83646697645278   3.8603285486444747
197.28611451405   42.95138118022328
197.73577894635523   63.646644338117994
198.1854601437156   65.94611802232862
198.6351579764784   72.84453907496027
199.0848723149908   -3.0380925039871727
199.53460302960002   59.04769696969697
199.98434999065321   -0.7386188197767751
200.4341130684976   15.357696969696917
200.8838921334804   98.138749601276
201.33368705594881   38.35243381180226
201.78349770625002   84.34190749601271
202.23332395473122   61.3471706539076
202.6831656717396   19.956644338118167
203.1330227276224   3.8603285486444747
203.5828949927268   49.84980223285493
204.0327823374   13.05822328548652
204.4826846319892   29.154539074960212
204.93260174684158   -23.733355661881887
205.38253355230438   10.758749601275895
205.8324799187248   1.5608548644338498
206.28244071645   63.646644338117994
206.7324158158272   54.44874960127595
207.1824050872036   19.956644338118167
207.6324084009264   38.35243381180226
208.0824256273428   49.84980223285493
208.5324566368   8.459275917065497
208.98250129964524   1.5608548644338498
209.4325594862256   26.855065390749587
209.88263106688842   -5.337566188197798
210.33271591198084   -5.337566188197798
210.78281389185003   13.05822328548652
211.2329248768432   -7.637039872408195
211.68304873730762   -3.0380925039871727
212.1331853435904   -12.235987240829218
212.58333456603881   29.154539074960212
213.033496275   33.753486443381234
213.48367034082122   52.149275917065324
213.93385663384962   56.748223285486574
214.3840550244324   42.95138118022328
214.8342653829168   17.657170653907542
215.28448757965   -7.637039872408195
215.7347214849792   -3.0380925039871727
216.1849669692516   54.44874960127595
216.6352239028144   54.44874960127595
217.08549215601482   45.250854864433904
217.53577159920002   -7.637039872408195
217.9860621027172   -58.2254609250399
218.4363635369136   -23.733355661881887
218.8866757721364   22.256118022328565
219.3369986787328   -23.733355661881887
219.78733212704998   -55.92598724082927
220.23767598743518   47.5503285486443
220.6880301302356   -0.7386188197767751
221.1383944257984   -67.42335566188194
221.5887687444708   13.05822328548652
222.0391529566   42.95138118022328
222.4895469325332   -49.027566188197625
222.9399505426176   -23.733355661881887
223.3903636572004   22.256118022328565
223.84078614662877   24.55559170653919
224.29121788125002   29.154539074960212
224.7416587314112   40.65190749601288
225.19210856745963   -28.33230303030291
225.6425672597424   -3.0380925039871727
226.0930346786068   -7.637039872408195
226.5435106944   -16.834934609250467
226.99399517746923   65.94611802232862
227.4444879981616   -21.43388197767149
227.8949890268244   17.657170653907542
228.34549813380482   -28.33230303030291
228.79601518945   -46.72809250398723
229.2465400641072   -3.0380925039871727
229.6970726281236   -9.93651355661882
230.1476127518464   -23.733355661881887
230.5981603056228   -76.62125039872399
231.04871515980003   -0.7386188197767751
231.4992771847252   -49.027566188197625
231.94984625074562   -30.631776714513535
232.4004222282084   33.753486443381234
232.8510049874608   56.748223285486574
233.30159439885   6.159802232854872
233.75219033272322   6.159802232854872
234.20279265942762   40.65190749601288
234.6534012493104   6.159802232854872
235.10401597271883   -19.134408293460865
235.55463670000003   -21.43388197767149
236.0052633015012   8.459275917065497
236.4558956475696   -23.733355661881887
236.90653360855242   -23.733355661881887
237.35717705479684   -16.834934609250467
237.80782585665   19.956644338118167
238.25847988445923   -28.33230303030291
238.7091390085716   61.3471706539076
239.15980309933443   47.5503285486443
239.6104720270948   22.256118022328565
240.06114566220003   15.357696969696917
240.51182387499722   -0.7386188197767751
240.9625065358336   38.35243381180226
241.4131935150564   -9.93651355661882
241.8638846830128   10.758749601275895
242.31457991004999   -9.93651355661882
242.7652790665152   22.256118022328565
243.2159820227556   13.05822328548652
243.6666886491184   -44.4286188197766
244.1173988159508   1.5608548644338498
244.5681123936   70.54506539074964
245.01882925241318   6.159802232854872
245.46954926273762   42.95138118022328
245.9202722949204   -23.733355661881887
246.3709982193088   19.956644338118167
246.82172690624998   3.8603285486444747
247.27245822609117   56.748223285486574
247.72319204917957   52.149275917065324
248.17392824586238   33.753486443381234
248.6246666864868   38.35243381180226
249.0754072414   42.95138118022328
249.5261497809492   22.256118022328565
249.97689417548162   1.5608548644338498
250.42764029534442   10.758749601275895
250.87838801088483   -14.535460925039843
251.32913719245   -23.733355661881887
251.77988771038721   13.05822328548652
252.2306394350436   31.45401275917061
252.6813922367664   -42.129145135566205
253.1321459859028   45.250854864433904
253.5829005528   -44.4286188197766
254.0336558078052   52.149275917065324
254.48441162126562   8.459275917065497
254.9351678635284   -21.43388197767149
255.38592440494082   22.256118022328565
255.83668111585   33.753486443381234
256.2874378666032   54.44874960127595
256.7381945275476   63.646644338117994
257.18895096903043   -55.92598724082927
257.6397070613988   -23.733355661881887
258.090462675   19.956644338118167
258.54121768018126   -9.93651355661882
258.99197194728964   -16.834934609250467
259.44272534667243   24.55559170653919
259.89347774867684   52.149275917065324
260.34422902365003   22.256118022328565
260.79497904193926   63.646644338117994
261.2457276738916   -12.235987240829218
261.6964747898544   6.159802232854872
262.1472202601748   29.154539074960212
262.5979639552   26.855065390749587
263.04870574527723   24.55559170653919
263.4994455007536   -58.2254609250399
263.95018309197644   68.24559170653902
264.4009183892928   19.956644338118167
264.85165126305003   -3.0380925039871727
265.3023815835952   -9.93651355661882
265.7531092212756   -23.733355661881887
266.20383404643843   -0.7386188197767751
266.65455592943084   -0.7386188197767751
267.1052747406   -28.33230303030291
267.5559903502932   -30.631776714513535
268.0067026288576   15.357696969696917
268.45741144664044   29.154539074960212
268.9081166739888   -9.93651355661882
269.35881818125   3.8603285486444747
269.80951583877123   -30.631776714513535
270.2602095168996   -39.82967145135558
270.7108990859824   -7.637039872408195
271.16158441636685   3.8603285486444747
271.61226537839997   13.05822328548652
272.0629418424292   -9.93651355661882
272.51361367880156   -46.72809250398723
272.9642807578644   24.55559170653919
273.41494294996477   -32.93125039872416
273.86560012545   -19.134408293460865
274.31625215466715   59.04769696969697
274.7668989079636   22.256118022328565
275.2175402556864   -3.0380925039871727
275.6681760681828   17.657170653907542
276.11880621579996   -16.834934609250467
276.5694305688852   15.357696969696917
277.0200489977856   19.956644338118167
277.4706613728484   -19.134408293460865
277.9212675644208   38.35243381180226
278.37186744285   22.256118022328565
278.8224608784832   -46.72809250398723
279.2730477416676   1.5608548644338498
279.72362790275037   15.357696969696917
280.17420123207876   22.256118022328565
280.6247676   -42.129145135566205
281.0753268768612   3.8603285486444747
281.52587893300955   -21.43388197767149
281.97642363879237   -9.93651355661882
282.42696086455675   52.149275917065324
282.87749048065   -0.7386188197767751
283.3280123574192   -26.032829346092512
283.77852636521163   29.154539074960212
284.2290323743744   -12.235987240829218
284.6795302552548   -30.631776714513535
285.1300198782   6.159802232854872
285.5805011135572   -26.032829346092512
286.0309738316736   40.65190749601288
286.4814379028964   -14.535460925039843
286.9318931975728   91.24032854864436
287.38233958605   13.05822328548652
287.83277693867524   -16.834934609250467
288.2832051257956   -21.43388197767149
288.7336240177584   36.05296012759163
289.1840334849108   -14.535460925039843
289.6344333976   42.95138118022328
290.0848236261732   -28.33230303030291
290.5352040409776   -9.93651355661882
290.9855745123604   -49.027566188197625
291.43593491066883   -19.134408293460865
291.88628510625   42.95138118022328
292.33662496945124   40.65190749601288
292.7869543706196   91.24032854864436
293.23727318010236   24.55559170653919
293.6875812682468   -16.834934609250467
294.1378785054   13.05822328548652
294.58816476190924   24.55559170653919
295.0384399081216   -35.23072408293456
295.4887038143844   -7.637039872408195
295.9389563510448   29.154539074960212
296.38919738845   84.34190749601271
296.8394267969472   38.35243381180226
297.2896444468836   3.8603285486444747
297.73985020860636   -14.535460925039843
298.1900439524628   6.159802232854872
298.6402255488   -19.134408293460865
299.0903948679652   40.65190749601288
299.5405517803056   10.758749601275895
299.9906961561684   22.256118022328565
300.4408278659008   17.657170653907542
300.89094677985   1.5608548644338498
301.34105276836317   6.159802232854872
301.7911457017876   52.149275917065324
302.2412254504704   -0.7386188197767751
302.69129188475887   63.646644338117994
303.141344875   -7.637039872408195
303.5913842915412   42.95138118022328
304.04141000472964   49.84980223285493
304.4914218849124   -32.93125039872416
304.9414198024369   19.956644338118167
305.39140362765005   -21.43388197767149
305.8413732308992   13.05822328548652
306.29132848253164   -7.637039872408195
306.7412692528944   -19.134408293460865
307.1911954123348   -3.0380925039871727
307.64110683120003   6.159802232854872
308.0910033798372   -3.0380925039871727
308.54088492859364   33.753486443381234
308.9907513478164   15.357696969696917
309.4406025078529   15.357696969696917
309.89043827905004   17.657170653907542
310.34025853175524   -62.82440829346092
310.7900631363156   -26.032829346092512
311.2398519630784   -14.535460925039843
311.6896248823908   10.758749601275895
312.13938176460005   49.84980223285493
312.5891224800532   33.753486443381234
313.0388468990976   36.05296012759163
313.4885548920804   42.95138118022328
313.93824632934883   -5.337566188197798
314.38792108125   45.250854864433904
314.83757901813124   1.5608548644338498
315.28722001033964   -5.337566188197798
315.7368439282224   29.154539074960212
316.18645064212683   -5.337566188197798
316.63604002240004   -28.33230303030291
317.0856119393892   1.5608548644338498
317.5351662634416   -3.0380925039871727
317.9847028649044   17.657170653907542
318.43422161412485   -3.0380925039871727
318.88372238145   -3.0380925039871727
319.3332050372272   29.154539074960212
319.7826694518036   -9.93651355661882
320.2321154955264   -19.134408293460865
320.6815430387428   -16.834934609250467
321.1309519518   63.646644338117994
321.58034210504525   10.758749601275895
322.0297133688256   24.55559170653919
322.4790656134884   19.956644338118167
322.9283987093808   -9.93651355661882
323.37771252685   45.250854864433904
323.8270069362432   63.646644338117994
324.2762818079076   36.05296012759163
324.72553701219044   6.159802232854872
325.1747724194388   -42.129145135566205
325.6239879   49.84980223285493
326.07318332422125   -32.93125039872416
326.5223585624496   75.14401275917066
326.9715134850324   13.05822328548652
327.42064796231676   13.05822328548652
327.86976186465   24.55559170653919
328.31885506237916   19.956644338118167
328.7679274258516   -60.524934609250295
329.21697882541434   26.855065390749587
329.6660091314148   52.149275917065324
330.11501821419995   -12.235987240829218
330.5640059441172   17.657170653907542
331.01297219151354   24.55559170653919
331.4619168267364   33.753486443381234
331.91083972013274   40.65190749601288
332.35974074205   -12.235987240829218
332.8086197628352   -26.032829346092512
333.2574766528356   17.657170653907542
333.7063112823984   -76.62125039872399
334.1551235218708   52.149275917065324
334.60391324159997   -0.7386188197767751
335.0526803119332   8.459275917065497
335.5014246032176   42.95138118022328
335.95014598580036   -0.7386188197767751
336.39884433002874   3.8603285486444747
336.84751950624997   -14.535460925039843
337.2961713848112   24.55559170653919
337.74479983605954   -28.33230303030291
338.1934047303424   -53.626513556618875
338.6419859380068   6.159802232854872
339.0905433294   61.3471706539076
339.5390767748692   45.250854864433904
339.9875861447616   3.8603285486444747
340.43607130942445   15.357696969696917
340.8845321392048   -16.834934609250467
341.33296850445004   45.250854864433904
341.7813802755072   19.956644338118167
342.2297673227236   -69.72282934609257
342.6781295164464   -46.72809250398723
343.1264667270228   -5.337566188197798
343.5747788248   29.154539074960212
344.02306568012517   6.159802232854872
344.4713271633456   15.357696969696917
344.9195631448084   -49.027566188197625
345.3677734948608   33.753486443381234
345.81595808385003   -67.42335566188194
346.2641167821232   17.657170653907542
346.71224946002764   -30.631776714513535
347.1603559879104   33.753486443381234
347.6084362361188   13.05822328548652
348.056490075   -60.524934609250295
348.5045173749012   10.758749601275895
348.9525180061696   24.55559170653919
349.40049183915244   3.8603285486444747
349.84843874419676   3.8603285486444747
350.29635859165   -16.834934609250467
350.7442512518593   6.159802232854872
351.1921165951717   19.956644338118167
351.6399544919344   -26.032829346092512
352.08776481249487   42.95138118022328
352.5355474272001   52.149275917065324
352.98330220639724   -28.33230303030291
353.43102902043364   1.5608548644338498
353.8787277396565   17.657170653907542
354.32639823441286   6.159802232854872
354.77404037505005   68.24559170653902
355.22165403191525   38.35243381180226
355.6692390753557   1.5608548644338498
356.1167953757184   -12.235987240829218
356.5643228033508   15.357696969696917
357.0118212286   -16.834934609250467
357.4592905218132   8.459275917065497
357.90673055333764   -16.834934609250467
358.35414119352043   1.5608548644338498
358.8015223127088   54.44874960127595
359.24887378125004   -7.637039872408195
359.6961954694912   -0.7386188197767751
360.1434872477796   -7.637039872408195
360.5907489864624   -14.535460925039843
361.0379805558868   -9.93651355661882
361.48518182640004   -3.0380925039871727
361.9323526683492   8.459275917065497
362.3794929520816   52.149275917065324
362.82660254794445   8.459275917065497
363.2736813262848   -21.43388197767149
363.72072915745   -58.2254609250399
364.1677459117872   8.459275917065497
364.6147314596436   26.855065390749587
365.06168567136643   70.54506539074964
365.5086084173028   -12.235987240829218
365.9554995678   26.855065390749587
366.4023589932052   -26.032829346092512
366.8491865638656   1.5608548644338498
367.29598215012845   22.256118022328565
367.7427456223408   -30.631776714513535
368.18947685085004   -0.7386188197767751
368.6361757060032   31.45401275917061
369.0828420581476   -14.535460925039843
369.5294757776304   24.55559170653919
369.9760767347988   10.758749601275895
370.4226448   38.35243381180226
370.8691798435812   33.753486443381234
371.3156817358896   72.84453907496027
371.7621503472724   49.84980223285493
372.2085855480768   29.154539074960212
372.65498720865   -49.027566188197625
373.1013551993392   -14.535460925039843
373.5476893904916   -19.134408293460865
373.99398965245445   -28.33230303030291
374.4402558555748   54.44874960127595
374.88648787019997   -37.53019776714518
375.3326855666772   17.657170653907542
375.77884881535357   -14.535460925039843
376.2249774865764   -5.337566188197798
376.6710714506928   15.357696969696917
377.11713057804997   -7.637039872408195
377.5631547389952   -21.43388197767149
378.0091438038756   -7.637039872408195
378.4550976430384   22.256118022328565
378.90101612683077   70.54506539074964
379.3468991256   40.65190749601288
379.7927465096932   42.95138118022328
380.23855814945756   22.256118022328565
380.68433391524036   56.748223285486574
381.1300736773888   -49.027566188197625
381.57577730624996   61.3471706539076
382.0214446721712   -26.032829346092512
382.46707564549956   6.159802232854872
382.91267009658236   3.8603285486444747
383.35822789576673   -5.337566188197798
383.8037489134   -53.626513556618875
384.2492330198292   36.05296012759163
384.69468008540156   -0.7386188197767751
385.1400899804644   17.657170653907542
385.5854625753648   54.44874960127595
386.03079774044994   -19.134408293460865
386.47609534606715   -5.337566188197798
386.92135526256357   26.855065390749587
387.3665773602864   31.45401275917061
387.81176150958277   -30.631776714513535
388.2569075807999   24.55559170653919
388.7020154442852   -0.7386188197767751
389.1470849703856   -9.93651355661882
389.5921160294484   -5.337566188197798
390.03710849182085   40.65190749601288
390.48206222785   52.149275917065324
390.9269771078832   -65.12388197767132
391.37185300226764   22.256118022328565
391.8166897813504   -3.0380925039871727
392.2614873154788   24.55559170653919
392.706245475   -35.23072408293456
393.1509641302612   -14.535460925039843
393.59564315160964   -44.4286188197766
394.04028240939243   -12.235987240829218
394.48488177395683   -3.0380925039871727
394.92944111565004   -0.7386188197767751
395.3739603048192   10.758749601275895
395.8184392118116   6.159802232854872
396.2628777069744   -23.733355661881887
396.7072756606548   1.5608548644338498
397.15163294319996   -21.43388197767149
397.59594942495715   33.753486443381234
398.0402249762736   -46.72809250398723
398.4844594674964   17.657170653907542
398.92865276897277   -3.0380925039871727
399.37280475104996   -35.23072408293456
399.8169152840752   8.459275917065497
400.26098423839557   -0.7386188197767751
400.7050114843584   -16.834934609250467
401.1489968923108   -23.733355661881887
401.59294033260005   8.459275917065497
402.03684167557327   24.55559170653919
402.48070079157765   -23.733355661881887
402.9245175509605   86.64138118022333
403.3682918240688   -37.53019776714518
403.81202348125004   26.855065390749587
404.25571239285125   15.357696969696917
404.69935842921967   22.256118022328565
405.1429614607024   45.250854864433904
405.58652135764686   6.159802232854872
406.03003799040005   6.159802232854872
406.4735112293093   -23.733355661881887
406.9169409447216   31.45401275917061
407.36032700698445   17.657170653907542
407.80366928644486   -16.834934609250467
408.24696765345004   -5.337566188197798
408.69022197834727   1.5608548644338498
409.13343213148363   6.159802232854872
409.57659798320645   72.84453907496027
410.01971940386284   40.65190749601288
410.46279626380004   -14.535460925039843
410.90582843336523   -5.337566188197798
411.3488157829056   -9.93651355661882
411.79175818276843   1.5608548644338498
412.2346555033008   17.657170653907542
412.67750761485   13.05822328548652
413.1203143877632   45.250854864433904
413.56307569238766   3.8603285486444747
414.0057913990704   47.5503285486443
414.44846137815887   -12.235987240829218
414.89108550000003   -0.7386188197767751
415.3336636349412   19.956644338118167
415.77619565332964   -7.637039872408195
416.21868142551244   31.45401275917061
416.6611208218368   29.154539074960212
417.10351371265006   -0.7386188197767751
417.5458599682992   59.04769696969697
417.9881594591316   42.95138118022328
418.4304120554944   54.44874960127595
418.8726176277348   13.05822328548652
419.3147760462   40.65190749601288
419.7568871812372   3.8603285486444747
420.1989509031936   38.35243381180226
420.6409670824164   -58.2254609250399
421.0829355892528   42.95138118022328
421.52485629405004   17.657170653907542
421.9667290671552   84.34190749601271
422.4085537789156   47.5503285486443
422.8503302996784   -3.0380925039871727
423.2920584997908   63.646644338117994
423.7337382496   36.05296012759163
424.17536941945315   24.55559170653919
424.61695187969764   3.8603285486444747
425.05848550068043   19.956644338118167
425.4999701527488   -19.134408293460865
425.94140570625   -0.7386188197767751
426.3827920315312   -7.637039872408195
426.82412899893956   31.45401275917061
427.2654164788224   79.74296012759169
427.70665434152676   13.05822328548652
428.1478424574   45.250854864433904
428.5889806967892   33.753486443381234
429.0300689300416   13.05822328548652
429.4711070275044   13.05822328548652
429.9120948595248   19.956644338118167
430.35303229645   33.753486443381234
430.7939192086272   31.45401275917061
431.23475546640356   40.65190749601288
431.6755409401264   10.758749601275895
432.1162755001428   19.956644338118167
432.55695901679996   49.84980223285493
432.9975913604452   61.3471706539076
433.43817240142556   17.657170653907542
433.87870201008843   61.3471706539076
434.31918005678074   65.94611802232862
434.75960641185   61.3471706539076
435.1999809456432   155.6255917065389
435.64030352850756   355.6798022328551
436.0805740307904   220.01085486443367
436.52079232283876   180.91980223285486
436.960958275   65.94611802232862
437.4010717576212   100.4382232854864
437.84113264104957   -14.535460925039843
438.2811407956324   61.3471706539076
438.72109609171673   61.3471706539076
439.16099839965005   3.8603285486444747
439.6008475897792   29.154539074960212
440.04064353245167   29.154539074960212
440.48038609801443   -5.337566188197798
440.92007515681485   61.3471706539076
441.3597105792   13.05822328548652
441.7992922355172   47.5503285486443
442.23881999611365   40.65190749601288
442.6782937313364   3.8603285486444747
443.1177133115328   3.8603285486444747
443.55707860705   -9.93651355661882
443.9963894882352   19.956644338118167
444.4356458254356   31.45401275917061
444.8748474889984   -12.235987240829218
445.3139943492708   3.8603285486444747
445.7530862766   -30.631776714513535
446.19212314133324   22.256118022328565
446.6311048138176   -35.23072408293456
447.0700311644004   15.357696969696917
447.5089020634288   36.05296012759163
447.94771738124996   107.33664433811805
448.38647698821126   38.35243381180226
448.82518075465964   88.94085486443373
449.26382855094243   86.64138118022333
449.7024202474068   84.34190749601271
450.1409557144   38.35243381180226
450.5794348222692   38.35243381180226
451.01785744136157   59.04769696969697
451.4562234420244   26.855065390749587
451.8945326946048   17.657170653907542
452.33278506945   100.4382232854864
452.77098043690717   -16.834934609250467
453.2091186673236   70.54506539074964
453.64719963104636   -28.33230303030291
454.0852231984228   42.95138118022328
454.5231892398   77.44348644338129
454.9610976255252   29.154539074960212
455.3989482259456   -5.337566188197798
455.8367409114084   -32.93125039872416
456.2744755522608   79.74296012759169
456.71215201885   22.256118022328565
457.14977018152314   -12.235987240829218
457.58732991062755   88.94085486443373
458.02483107651045   36.05296012759163
458.46227354951884   45.250854864433904
458.89965720000004   -0.7386188197767751
459.33698189830125   45.250854864433904
459.7742475147696   42.95138118022328
460.21145391975244   82.04243381180231
460.6486009835968   56.748223285486574
461.08568857665   56.748223285486574
461.5227165692592   -0.7386188197767751
461.95968483177165   -32.93125039872416
462.3965932345344   49.84980223285493
462.83344164789486   47.5503285486443
463.2702299422   -14.535460925039843
463.70695798779724   -28.33230303030291
464.14362565503365   1.5608548644338498
464.5802328142564   59.04769696969697
465.0167793358128   -9.93651355661882
465.45326509005   65.94611802232862
465.8896899473152   79.74296012759169
466.3260537779556   59.04769696969697
466.76235645231844   -0.7386188197767751
467.19859784075084   52.149275917065324
467.63477781360007   26.855065390749587
468.07089624121323   -9.93651355661882
468.5069529939376   29.154539074960212
468.94294794212044   68.24559170653902
469.3788809561088   13.05822328548652
469.81475190625   24.55559170653919
470.2505606628912   31.45401275917061
470.6863070963796   40.65190749601288
471.12199107706243   98.138749601276
471.5576124752868   -12.235987240829218
471.99317116139997   61.3471706539076
472.42866700574916   40.65190749601288
472.8640998786816   77.44348644338129
473.2994696505444   24.55559170653919
473.7347761916848   19.956644338118167
474.17001937245   -39.82967145135558
474.60519906318723   19.956644338118167
475.0403151342436   17.657170653907542
475.4753674559664   72.84453907496027
475.9103558987028   61.3471706539076
476.3452803328   29.154539074960212
476.7801406286052   56.748223285486574
477.21493665646557   33.753486443381234
477.64966828672834   31.45401275917061
478.08433538974083   98.138749601276
478.51893783585   1.5608548644338498
478.9534754954032   24.55559170653919
479.38794823874764   29.154539074960212
479.8223559362304   17.657170653907542
480.2566984581988   -16.834934609250467
480.690975675   22.256118022328565
481.12518745698117   8.459275917065497
481.55933367448955   10.758749601275895
481.99341419787237   59.04769696969697
482.4274288974768   54.44874960127595
482.86137764365003   -19.134408293460865
483.29526030673924   19.956644338118167
483.72907675709166   79.74296012759169
484.16282686505446   105.03717065390742
484.59651050097483   102.73769696969703
485.0301275352   107.33664433811805
485.4636778380772   93.53980223285498
485.89716127995365   130.3313811802234
486.33057773117645   116.5345390749601
486.7639270620928   157.92506539074952
487.19720914305003   63.646644338117994
487.63042384439524   134.93032854864418
488.0635710364756   153.32611802232873
488.4966505896384   190.1176969696969
488.9296623742308   144.12822328548668
489.3626062606   116.5345390749601
489.7954821190932   111.9355917065393
490.2282898200576   95.83927591706538
490.6610292338404   185.5187496012761
491.09370023078884   125.73243381180214
491.52630268125   169.4224338118022
491.9588364555712   155.6255917065389
492.3913014240996   121.13348644338134
492.82369745718245   84.34190749601271
493.2560244251668   79.74296012759169
493.68828219840003   40.65190749601288
494.1204706472292   93.53980223285498
494.55258964200164   59.04769696969697
494.9846390530644   70.54506539074964
495.4166187507648   93.53980223285498
495.84852860545   72.84453907496027
496.2803684874672   128.03190749601276
496.7121382671636   65.94611802232862
497.1438378148864   91.24032854864436
497.57546700098277   59.04769696969697
498.0070256958   52.149275917065324
498.4385137696852   52.149275917065324
498.8699310929856   65.94611802232862
499.3012775360484   24.55559170653919
499.7325529692208   -23.733355661881887
500.16375726285   -0.7386188197767751
500.5948902872832   98.138749601276
501.0259519128676   75.14401275917066
501.4569420099504   33.753486443381234
501.8878604488788   45.250854864433904
502.3187071   72.84453907496027
502.7494818336612   29.154539074960212
503.1801845202096   15.357696969696917
503.61081502999235   17.657170653907542
504.04137323335675   -5.337566188197798
504.47185900065   68.24559170653902
504.9022722022192   56.748223285486574
505.33261270841155   13.05822328548652
505.7628803895744   22.256118022328565
506.1930751160548   88.94085486443373
506.62319675820004   -19.134408293460865
507.0532451863572   45.250854864433904
507.4832202708737   -23.733355661881887
507.9131218820964   107.33664433811805
508.34294989037284   65.94611802232862
508.77270416605006   47.5503285486443
509.2023845794753   65.94611802232862
509.63199100099564   42.95138118022328
510.0615233009584   29.154539074960212
510.4909813497108   68.24559170653902
510.9203650176   36.05296012759163
511.34967417497325   22.256118022328565
511.77890869217765   45.250854864433904
512.2080684395604   68.24559170653902
512.6371532874689   38.35243381180226
513.06616310625   15.357696969696917
513.4950977662512   26.855065390749587
513.9239571378196   54.44874960127595
514.3527410913024   -0.7386188197767751
514.7814494970469   70.54506539074964
515.2100822254   88.94085486443373
515.6386391467092   24.55559170653919
516.0671201313216   54.44874960127595
516.4955250495844   45.250854864433904
516.9238537718448   49.84980223285493
517.3521061684501   33.753486443381234
517.7802821097472   123.43296012759151
518.2083814660837   79.74296012759169
518.6364041078065   68.24559170653902
519.0643499052628   52.149275917065324
519.4922187288   19.956644338118167
519.9200104487652   65.94611802232862
520.3477249355057   84.34190749601271
520.7753620593684   36.05296012759163
521.2029216907008   137.2298022328548
521.63040369985   77.44348644338129
522.0578079571633   75.14401275917066
522.4851343329876   40.65190749601288
522.9123826976704   70.54506539074964
523.3395529215588   79.74296012759169
523.766644875   75.14401275917066
524.1936584283412   70.54506539074964
524.6205934519296   22.256118022328565
525.0474498161124   17.657170653907542
525.4742273912368   42.95138118022328
525.9009260476499   61.3471706539076
526.3275456556992   68.24559170653902
526.7540860857316   61.3471706539076
527.1805472080944   1.5608548644338498
527.6069288931349   61.3471706539076
528.0332310112   10.758749601275895
528.4594534326371   47.5503285486443
528.8855960277937   -3.0380925039871727
529.3116586670164   54.44874960127595
529.7376412206528   36.05296012759163
530.1635435590499   72.84453907496027
530.5893655525551   56.748223285486574
531.0151070715156   22.256118022328565
531.4407679862785   13.05822328548652
531.866348167191   6.159802232854872
532.2918474846001   47.5503285486443
532.7172658088533   56.748223285486574
533.1426030102978   29.154539074960212
533.5678589592806   109.63611802232867
533.9930335261489   52.149275917065324
534.4181265812501   17.657170653907542
534.8431379949312   26.855065390749587
535.2680676375396   33.753486443381234
535.6929153794225   15.357696969696917
536.1176810909269   1.5608548644338498
536.5423646424001   52.149275917065324
536.9669659041892   79.74296012759169
537.3914847466417   70.54506539074964
537.8159210401044   125.73243381180214
538.2402746549249   56.748223285486574
538.6645454614501   132.630854864434
539.0887333300273   155.6255917065389
539.5128381310037   183.2192759170655
539.9368597347265   178.62032854864424
540.3607980115429   226.90927591706554
540.7846528318001   233.80769696969696
541.2084240658452   426.96348644338127
541.6321115840257   433.8619074960127
542.0557152566885   650.0124338118023
542.4792349541809   686.8040127591705
542.9026705468501   716.6971706539077
543.3260219050433   666.1087496012758
543.7492888991077   762.686644338118
544.1724713993905   705.1998022328551
544.5955692762388   633.9161180223284
545.0185824   659.2103285486444
545.4415106410213   656.9108548644338
545.8643538696497   682.2050653907497
546.2871119562325   661.509802232855
546.7097847711169   397.0703285486445
547.1323721846501   302.791907496013
547.5548740671793   238.4066443381182
547.9772902890517   215.41190749601287
548.3996207206145   240.70611802232838
548.8218652322149   220.01085486443367
549.2440236942001   187.81822328548628
549.6660959769172   185.5187496012761
550.0880819507137   144.12822328548668
550.5099814859365   201.61506539074958
550.9317944529328   121.13348644338134
551.35352072205   141.82874960127606
551.7751601636352   192.41717065390753
552.1967126480357   164.8234864433814
552.6181780455985   137.2298022328548
553.0395562266709   125.73243381180214
553.4608470616001   118.83401275917072
553.8820504207332   82.04243381180231
554.3031661744176   107.33664433811805
554.7241941930005   72.84453907496027
555.1451343468289   10.758749601275895
555.56598650625   -21.43388197767149
555.9867505416113   42.95138118022328
556.4074263232596   -46.72809250398723
556.8280137215424   68.24559170653902
557.2485126068069   40.65190749601288
557.6689228494   15.357696969696917
558.0892443196692   19.956644338118167
558.5094768879616   -5.337566188197798
558.9296204246244   -3.0380925039871727
559.3496748000049   52.149275917065324
559.76963988445   22.256118022328565
560.1895155483072   68.24559170653902
560.6093016619237   54.44874960127595
561.0289980956464   15.357696969696917
561.4486047198228   45.250854864433904
561.8681214048   1.5608548644338498
562.2875480209252   45.250854864433904
562.7068844385456   31.45401275917061
563.1261305280085   -9.93651355661882
563.5452861596609   31.45401275917061
563.96435120385   29.154539074960212
564.3833255309232   17.657170653907542
564.8022090112275   61.3471706539076
565.2210015151104   -7.637039872408195
565.6397029129189   15.357696969696917
566.058313075   56.748223285486574
566.4768318717013   65.94611802232862
566.8952591733697   13.05822328548652
567.3135948503524   38.35243381180226
567.7318387729969   13.05822328548652
568.14999081165   3.8603285486444747
568.5680508366593   3.8603285486444747
568.9860187183716   -39.82967145135558
569.4038943271344   -26.032829346092512
569.8216775332947   -5.337566188197798
570.2393682072   -42.129145135566205
570.6569662191972   24.55559170653919
571.0744714396336   29.154539074960212
571.4918837388564   -26.032829346092512
571.9092029872128   -3.0380925039871727
572.32642905505   26.855065390749587
572.7435618127151   -51.32703987240825
573.1606011305556   13.05822328548652
573.5775468789184   -3.0380925039871727
573.9943989281508   19.956644338118167
574.4111571486001   84.34190749601271
574.8278214106132   10.758749601275895
575.2443915845377   33.753486443381234
575.6608675407205   82.04243381180231
576.0772491495088   -7.637039872408195
576.49353628125   95.83927591706538
576.9097288062911   125.73243381180214
577.3258265949796   84.34190749601271
577.7418295176624   38.35243381180226
578.1577374446867   82.04243381180231
578.5735502464   31.45401275917061
578.9892677931492   93.53980223285498
579.4048899552816   125.73243381180214
579.8204166031444   123.43296012759151
580.2358476070848   86.64138118022333
580.6511828374499   153.32611802232873
581.0664221645872   102.73769696969703
581.4815654588435   178.62032854864424
581.8966125905664   95.83927591706538
582.3115634301029   132.630854864434
582.7264178478   151.0266443381181
583.1411757140052   75.14401275917066
583.5558368990656   178.62032854864424
583.9704012733284   128.03190749601276
584.3848687071408   84.34190749601271
584.7992390708499   68.24559170653902
585.2135122348033   171.72190749601282
585.6276880693476   132.630854864434
586.0417664448304   121.13348644338134
586.4557472315987   199.31559170653895
586.8696302999999   180.91980223285486
587.2834155203811   164.8234864433814
587.6971027630896   171.72190749601282
588.1106918984724   155.6255917065389
588.5241827968767   157.92506539074952
588.9375753286499   141.82874960127606
589.3508693641393   146.42769696969685
589.7640647736915   139.52927591706543
590.1771614276544   100.4382232854864
590.5901591963748   98.138749601276
591.0030579502   45.250854864433904
591.4158575594772   171.72190749601282
591.8285578945536   141.82874960127606
592.2411588257763   213.11243381180225
592.6536602234927   116.5345390749601
593.0660619580499   157.92506539074952
593.4783638997952   36.05296012759163
593.8905659190755   116.5345390749601
594.3026678862384   56.748223285486574
594.7146696716308   75.14401275917066
595.1265711456   22.256118022328565
595.5383721784932   65.94611802232862
595.9500726406576   19.956644338118167
596.3616724024404   19.956644338118167
596.7731713341888   84.34190749601271
597.18456930625   63.646644338117994
597.5958661889712   132.630854864434
598.0070618526996   137.2298022328548
598.4181561677824   109.63611802232867
598.8291490045668   105.03717065390742
599.2400402334   47.5503285486443
599.6508297246291   79.74296012759169
600.0615173486016   49.84980223285493
600.4721029756643   61.3471706539076
600.8825864761648   77.44348644338129
601.29296772045   49.84980223285493
601.703246578867   26.855065390749587
602.1134229217636   6.159802232854872
602.5234966194863   72.84453907496027
602.9334675423829   31.45401275917061
603.3433355608   33.753486443381234
603.7531005450853   61.3471706539076
604.1627623655856   42.95138118022328
604.5723208926483   54.44874960127595
604.9817759966207   6.159802232854872
605.39112754785   6.159802232854872
605.8003754166832   49.84980223285493
606.2095194734677   1.5608548644338498
606.6185595885505   42.95138118022328
607.0274956322788   65.94611802232862
607.436327475   52.149275917065324
607.8450549870613   72.84453907496027
608.2536780388097   231.50822328548634
608.6621965005924   231.50822328548634
609.0706102427567   380.9740127591706
609.47891913565   624.7182232854864
609.8871230496193   854.6655917065393
610.2952218550116   939.7461180223288
610.7032154221744   875.360854864434
611.1111036214548   735.0929601275918
611.5188863232   620.1192759170656
611.9265633977571   548.8355917065389
612.3341347154736   380.9740127591706
612.7416001466964   371.77611802232855
613.1489595617728   351.08085486443383
613.5562128310501   328.0861180223285
613.9633598248752   279.79717065390764
614.3704004135956   176.32085486443407
614.7773344675584   139.52927591706543
615.1841618571109   183.2192759170655
615.5908824526001   148.72717065390748
615.9974961243732   134.93032854864418
616.4040027427776   130.3313811802234
616.8104021781604   70.54506539074964
617.2166943008688   107.33664433811805
617.62287898125   19.956644338118167
618.0289560896512   91.24032854864436
618.4349254964195   107.33664433811805
618.8407870719024   102.73769696969703
619.2465406864468   114.23506539074947
619.6521862103999   63.646644338117994
620.0577235141093   65.94611802232862
620.4631524679216   54.44874960127595
620.8684729421844   31.45401275917061
621.2736848072449   93.53980223285498
621.67878793345   36.05296012759163
622.0837821911473   63.646644338117994
622.4886674506836   56.748223285486574
622.8934435824065   22.256118022328565
623.2981104566628   98.138749601276
623.7026679438001   13.05822328548652
624.1071159141652   95.83927591706538
624.5114542381056   125.73243381180214
624.9156827859684   111.9355917065393
625.3198014281007   84.34190749601271
625.7238100348501   65.94611802232862
626.1277084765633   40.65190749601288
626.5314966235876   79.74296012759169
626.9351743462705   86.64138118022333
627.3387415149589   40.65190749601288
627.7421980000001   111.9355917065393
628.1455436717413   72.84453907496027
628.5487784005297   107.33664433811805
628.9519020567125   146.42769696969685
629.3549145106368   128.03190749601276
629.75781563265   169.4224338118022
630.1606052930993   109.63611802232867
630.5632833623317   56.748223285486574
630.9658497106946   59.04769696969697
631.3683042085349   52.149275917065324
631.7706467262001   40.65190749601288
632.1728771340372   107.33664433811805
632.5749953023937   36.05296012759163
632.9770011016165   1.5608548644338498
633.3788944020529   -21.43388197767149
633.78067507405   59.04769696969697
634.1823429879553   42.95138118022328
634.5838980141157   29.154539074960212
634.9853400228784   33.753486443381234
635.3866688845908   54.44874960127595
635.7878844696   86.64138118022333
636.1889866482533   -28.33230303030291
636.5899752908977   52.149275917065324
636.9908502678804   54.44874960127595
637.3916114495489   19.956644338118167
637.7922587062501   33.753486443381234
638.1927919083313   40.65190749601288
638.5932109261397   17.657170653907542
638.9935156300224   116.5345390749601
639.3937058903268   95.83927591706538
639.7937815774001   45.250854864433904
640.1937425615893   -0.7386188197767751
640.5935887132416   -3.0380925039871727
640.9933199027045   65.94611802232862
641.3929360003249   79.74296012759169
641.7924368764501   -37.53019776714518
642.1918224014273   40.65190749601288
642.5910924456036   -44.4286188197766
642.9902468793265   1.5608548644338498
643.3892855729429   -28.33230303030291
643.7882083968001   13.05822328548652
644.1870152212452   -3.0380925039871727
644.5857059166257   17.657170653907542
644.9842803532885   -0.7386188197767751
645.3827384015808   -42.129145135566205
645.7810799318501   -21.43388197767149
646.1793048144432   17.657170653907542
646.5774129197076   31.45401275917061
646.9754041179905   -0.7386188197767751
647.3732782796388   54.44874960127595
647.771035275   100.4382232854864
648.1686749744213   8.459275917065497
648.5661972482496   79.74296012759169
648.9636019668325   -23.733355661881887
649.3608890005169   6.159802232854872
649.7580582196501   -3.0380925039871727
650.1551094945793   84.34190749601271
650.5520426956516   88.94085486443373
650.9488576932144   33.753486443381234
651.3455543576148   -23.733355661881887
651.7421325592   36.05296012759163
652.1385921683172   68.24559170653902
652.5349330553136   36.05296012759163
652.9311550905364   -3.0380925039871727
653.3272581443329   59.04769696969697
653.72324208705   38.35243381180226
654.1191067890353   33.753486443381234
654.5148521206356   63.646644338117994
654.9104779521983   -26.032829346092512
655.3059841540709   13.05822328548652
655.7013705966   19.956644338118167
656.0966371501332   36.05296012759163
656.4917836850177   6.159802232854872
656.8868100716004   17.657170653907542
657.2817161802288   -32.93125039872416
657.67650188125   26.855065390749587
658.0711670450112   36.05296012759163
658.4657115418596   17.657170653907542
658.8601352421424   -5.337566188197798
659.2544380162068   -23.733355661881887
659.6486197344001   -0.7386188197767751
660.0426802670692   22.256118022328565
660.4366194845616   3.8603285486444747
660.8304372572244   72.84453907496027
661.2241334554049   -23.733355661881887
661.6177079494499   8.459275917065497
662.0111606097072   -30.631776714513535
662.4044913065237   45.250854864433904
662.7976999102465   -42.129145135566205
663.1907862912228   29.154539074960212
663.5837503198001   22.256118022328565
663.9765918663252   -9.93651355661882
664.3693108011456   -16.834934609250467
664.7619069946085   19.956644338118167
665.1543803170607   10.758749601275895
665.54673063885   3.8603285486444747
665.9389578303233   17.657170653907542
666.3310617618276   1.5608548644338498
666.7230423037104   8.459275917065497
667.1148993263188   98.138749601276
667.5066327   36.05296012759163
667.8982422951011   52.149275917065324
668.2897279819696   -35.23072408293456
668.6810896309523   -5.337566188197798
669.0723271123968   22.256118022328565
669.46344029665   -19.134408293460865
669.8544290540592   17.657170653907542
670.2452932549717   -44.4286188197766
670.6360327697344   -23.733355661881887
671.0266474686948   24.55559170653919
671.4171372221999   24.55559170653919
671.8075019005972   -62.82440829346092
672.1977413742336   -14.535460925039843
672.5878555134565   -0.7386188197767751
672.9778441886127   52.149275917065324
673.3677072700499   -32.93125039872416
673.7574446281152   10.758749601275895
674.1470561331555   -58.2254609250399
674.5365416555184   22.256118022328565
674.9259010655508   29.154539074960212
675.3151342336   38.35243381180226
675.7042410300131   33.753486443381234
676.0932213251376   15.357696969696917
676.4820749893204   13.05822328548652
676.8708018929088   42.95138118022328
677.25940190625   -0.7386188197767751
677.6478748996911   36.05296012759163
678.0362207435795   -44.4286188197766
678.4244393082623   -30.631776714513535
678.8125304640868   68.24559170653902
679.2004940814   10.758749601275895
679.5883300305492   19.956644338118167
679.9760381818816   -14.535460925039843
680.3636184057443   6.159802232854872
680.7510705724848   61.3471706539076
681.13839455245   3.8603285486444747
681.5255902159872   29.154539074960212
681.9126574334437   19.956644338118167
682.2995960751664   -16.834934609250467
682.6864060115028   15.357696969696917
683.0730871128   42.95138118022328
683.4596392494052   26.855065390749587
683.8460622916656   72.84453907496027
684.2323561099283   33.753486443381234
684.6185205745408   24.55559170653919
685.00455555585   13.05822328548652
685.3904609242031   6.159802232854872
685.7762365499476   36.05296012759163
686.1618823034303   33.753486443381234
686.5473980549987   42.95138118022328
686.932783675   -12.235987240829218
687.3180390337811   -51.32703987240825
687.7031640016895   26.855065390749587
688.0881584490724   10.758749601275895
688.4730222462767   72.84453907496027
688.8577552636499   56.748223285486574
689.2423573715392   42.95138118022328
689.6268284402915   -51.32703987240825
690.0111683402544   49.84980223285493
690.3953769417748   15.357696969696917
690.7794541152   -3.0380925039871727
691.1633997308771   52.149275917065324
691.5472136591535   1.5608548644338498
691.9308957703763   -23.733355661881887
692.3144459348927   -58.2254609250399
692.6978640230499   -3.0380925039871727
693.081149905195   -9.93651355661882
693.4643034516755   36.05296012759163
693.8473245328382   107.33664433811805
694.2302130190307   102.73769696969703
694.6129687805999   -16.834934609250467
694.9955916878931   26.855065390749587
695.3780816112575   88.94085486443373
695.7604384210402   33.753486443381234
696.1426619875887   54.44874960127595
696.5247521812499   31.45401275917061
696.906708872371   26.855065390749587
697.2885319312995   29.154539074960212
697.6702212283823   -16.834934609250467
698.0517766339667   36.05296012759163
698.4331980183999   36.05296012759163
698.8144852520292   56.748223285486574
699.1956382052015   45.250854864433904
699.5766567482643   45.250854864433904
699.9575407515647   63.646644338117994
700.3382900854499   56.748223285486574
700.7189046202672   -30.631776714513535
701.0993842263634   42.95138118022328
701.4797287740863   75.14401275917066
701.8599381337827   42.95138118022328
702.2400121757998   52.149275917065324
702.6199507704852   65.94611802232862
702.9997537881856   77.44348644338129
703.3794210992482   47.5503285486443
703.7589525740207   123.43296012759151
704.1383480828501   -7.637039872408195
704.5176074960833   -35.23072408293456
704.8967306840677   -3.0380925039871727
705.2757175171506   -5.337566188197798
705.6545678656789   33.753486443381234
706.0332816000001   36.05296012759163
706.4118585904614   61.3471706539076
706.7902987074098   -42.129145135566205
707.1686018211925   91.24032854864436
707.5467678021569   -9.93651355661882
707.9247965206501   54.44874960127595
708.3026878470193   29.154539074960212
708.6804416516118   47.5503285486443
709.0580578047745   -19.134408293460865
709.4355361768548   19.956644338118167
709.8128766382001   56.748223285486574
710.1900790591574   -44.4286188197766
710.5671433100738   31.45401275917061
710.9440692612965   -9.93651355661882
711.3208567831729   -23.733355661881887
711.6975057460501   -21.43388197767149
712.0740160202753   -12.235987240829218
712.4503874761957   10.758749601275895
712.8266199841586   -5.337566188197798
713.2027134145109   -51.32703987240825
713.5786676376001   -30.631776714513535
713.9544825237733   75.14401275917066
714.3301579433777   -69.72282934609257
714.7056937667604   63.646644338117994
715.0810898642688   1.5608548644338498
715.4563461062501   -60.524934609250295
715.8314623630513   -3.0380925039871727
716.2064385050197   36.05296012759163
716.5812744025025   -14.535460925039843
716.955969925847   82.04243381180231
717.3305249454   54.44874960127595
717.7049393315093   -9.93651355661882
718.0792129545216   75.14401275917066
718.4533456847845   24.55559170653919
718.8273373926448   -44.4286188197766
719.2011879484501   -42.129145135566205
719.5748972225473   -7.637039872408195
719.9484650852837   8.459275917065497
720.3218914070064   -30.631776714513535
720.695176058063   59.04769696969697
721.0683189088   8.459275917065497
721.4413198295653   6.159802232854872
721.8141786907057   22.256118022328565
722.1868953625684   -28.33230303030291
722.5594697155009   -37.53019776714518
722.9319016198501   -30.631776714513535
723.3041909459633   82.04243381180231
723.6763375641877   42.95138118022328
724.0483413448704   -28.33230303030291
724.420202158359   13.05822328548652
724.7919198750001   -78.92072408293461
725.1634943651412   -44.4286188197766
725.5349254991297   19.956644338118167
725.9062131473124   17.657170653907542
726.2773571800369   -12.235987240829218
726.6483574676502   -28.33230303030291
727.0192138804993   -28.33230303030291
727.3899262889316   -46.72809250398723
727.7604945632945   -21.43388197767149
728.1309185739349   -39.82967145135558
728.5011981912   22.256118022328565
728.8713332854372   13.05822328548652
729.2413237269936   10.758749601275895
729.6111693862165   -21.43388197767149
729.9808701334528   1.5608548644338498
730.35042583905   -16.834934609250467
730.7198363733553   -0.7386188197767751
731.0891016067156   6.159802232854872
731.4582214094784   54.44874960127595
731.8271956519908   13.05822328548652
732.1960242046001   -19.134408293460865
732.5647069376532   102.73769696969703
732.9332437214977   -39.82967145135558
733.3016344264804   24.55559170653919
733.6698789229489   47.5503285486443
734.03797708125   38.35243381180226
734.4059287717313   -7.637039872408195
734.7737338647397   -7.637039872408195
735.1413922306224   19.956644338118167
735.5089037397269   -19.134408293460865
735.8762682624   29.154539074960212
736.2434856689893   -14.535460925039843
736.6105558298417   15.357696969696917
736.9774786153044   -19.134408293460865
737.3442538957248   3.8603285486444747
737.7108815414501   40.65190749601288
738.0773614228273   84.34190749601271
738.4436934102037   -21.43388197767149
738.8098773739264   13.05822328548652
739.1759131843429   33.753486443381234
739.5418007118001   70.54506539074964
739.9075398266452   31.45401275917061
740.2731303992256   17.657170653907542
740.6385722998884   -35.23072408293456
741.0038653989808   17.657170653907542
741.3690095668501   17.657170653907542
741.7340046738432   13.05822328548652
742.0988505903076   29.154539074960212
742.4635471865904   -30.631776714513535
742.8280943330388   61.3471706539076
743.1924919   -0.7386188197767751
743.5567397578212   19.956644338118167
743.9208377768497   -16.834934609250467
744.2847858274324   49.84980223285493
744.6485837799169   -26.032829346092512
745.01223150465   19.956644338118167
745.3757288719793   31.45401275917061
745.7390757522516   -49.027566188197625
746.1022720158144   -16.834934609250467
746.4653175330149   -14.535460925039843
746.8282121742   24.55559170653919
747.1909558097173   38.35243381180226
747.5535483099136   -60.524934609250295
747.9159895451363   -16.834934609250467
748.2782793857328   -0.7386188197767751
748.64041770205   -26.032829346092512
749.0024043644352   22.256118022328565
749.3642392432356   65.94611802232862
749.7259222087985   -28.33230303030291
750.0874531314707   1.5608548644338498
750.4488318816   -35.23072408293456
750.8100583295331   -21.43388197767149
751.1711323456176   -42.129145135566205
751.5320538002004   -12.235987240829218
751.8928225636289   -9.93651355661882
752.25343850625   -3.0380925039871727
752.6139014984112   -85.81914513556626
752.9742114104597   -42.129145135566205
753.3343681127425   17.657170653907542
753.6943714756068   -0.7386188197767751
754.0542213694   -44.4286188197766
754.4139176644692   -19.134408293460865
754.7734602311615   38.35243381180226
755.1328489398244   6.159802232854872
755.4920836608048   6.159802232854872
755.85116426445   -7.637039872408195
756.2100906211072   3.8603285486444747
756.5688626011237   -7.637039872408195
756.9274800748464   -21.43388197767149
757.2859429126228   -14.535460925039843
757.6442509848   65.94611802232862
758.0024041617252   -16.834934609250467
758.3604023137456   54.44874960127595
758.7182453112083   -5.337566188197798
759.0759330244607   42.95138118022328
759.43346532385   -16.834934609250467
759.7908420797231   93.53980223285498
760.1480631624277   -55.92598724082927
760.5051284423105   -42.129145135566205
760.8620377897188   77.44348644338129
761.218791075   -35.23072408293456
761.5753881685011   49.84980223285493
761.9318289405696   47.5503285486443
762.2881132615523   -30.631776714513535
762.6442410017968   29.154539074960212
763.00021203165   31.45401275917061
763.3560262214592   -21.43388197767149
763.7116834415716   15.357696969696917
764.0671835623344   75.14401275917066
764.4225264540947   8.459275917065497
764.7777119872   -9.93651355661882
765.1327400319972   -14.535460925039843
765.4876104588336   -14.535460925039843
765.8423231380564   6.159802232854872
766.1968779400127   52.149275917065324
766.55127473505   29.154539074960212
766.9055133935151   -7.637039872408195
767.2595937857557   10.758749601275895
767.6135157821184   36.05296012759163
767.9672792529507   10.758749601275895
768.3208840686   -9.93651355661882
768.6743300994132   -16.834934609250467
769.0276172157376   -30.631776714513535
769.3807452879204   26.855065390749587
769.7337141863087   45.250854864433904
770.08652378125   -14.535460925039843
770.4391739430912   -0.7386188197767751
770.7916645421795   -0.7386188197767751
771.1439954488624   42.95138118022328
771.4961665334868   40.65190749601288
771.8481776663999   -5.337566188197798
772.2000287179491   24.55559170653919
772.5517195584815   -19.134408293460865
772.9032500583444   42.95138118022328
773.2546200878847   24.55559170653919
773.60582951745   -23.733355661881887
773.9568782173872   -23.733355661881887
774.3077660580435   -14.535460925039843
774.6584929097664   31.45401275917061
775.0090586429028   -14.535460925039843
775.3594631277999   -39.82967145135558
775.7097062348051   -62.82440829346092
776.0597878342655   -46.72809250398723
776.4097077965283   -28.33230303030291
776.7594659919407   61.3471706539076
777.1090622908499   -35.23072408293456
777.4584965636031   -14.535460925039843
777.8077686805475   45.250854864433904
778.1568785120304   -30.631776714513535
778.5058259283986   49.84980223285493
778.8546107999999   13.05822328548652
779.2032329971812   -9.93651355661882
779.5516923902895   3.8603285486444747
779.8999888496724   -30.631776714513535
780.2481222456767   19.956644338118167
780.5960924486499   22.256118022328565
780.9438993289392   47.5503285486443
781.2915427568914   -44.4286188197766
781.6390226028543   -3.0380925039871727
781.9863387371747   65.94611802232862
782.3334910302   -69.72282934609257
782.6804793522772   -14.535460925039843
783.0273035737536   -53.626513556618875
783.3739635649763   45.250854864433904
783.7204591962927   10.758749601275895
784.0667903380499   31.45401275917061
784.412956860595   13.05822328548652
784.7589586342755   38.35243381180226
785.1047955294383   -39.82967145135558
785.4504674164307   13.05822328548652
785.7959741655999   38.35243381180226
786.1413156472931   -26.032829346092512
786.4864917318575   3.8603285486444747
786.8315022896405   -21.43388197767149
787.176347190989   29.154539074960212
787.5210263062502   42.95138118022328
787.8655395057714   26.855065390749587
788.2098866598998   29.154539074960212
788.5540676389826   -28.33230303030291
788.8980823133669   -7.637039872408195
789.2419305534   -39.82967145135558
789.5856122294293   -46.72809250398723
789.9291272118016   -28.33230303030291
790.2724753708645   59.04769696969697
790.615656576965   10.758749601275895
790.9586707004502   -19.134408293460865
791.3015176116674   -5.337566188197798
791.6441971809637   -7.637039872408195
791.9867092786865   15.357696969696917
792.329053775183   42.95138118022328
792.6712305408001   88.94085486443373
793.0132394458853   61.3471706539076
793.3550803607858   26.855065390749587
793.6967531558485   -26.032829346092512
794.0382577014209   49.84980223285493
794.3795938678502   -39.82967145135558
794.7207615254833   3.8603285486444747
795.0617605446677   36.05296012759163
795.4025907957505   -3.0380925039871727
795.7432521490789   -16.834934609250467
796.0837444750001   -7.637039872408195
796.4240676438612   49.84980223285493
796.7642215260097   36.05296012759163
797.1042059917925   33.753486443381234
797.4440209115569   -14.535460925039843
797.78366615565   -9.93651355661882
798.1231415944193   36.05296012759163
798.4624470982118   15.357696969696917
798.8015825373744   47.5503285486443
799.1405477822549   15.357696969696917
799.4793427032001   22.256118022328565
799.8179671705573   19.956644338118167
800.1564210546737   -32.93125039872416
800.4947042258965   -49.027566188197625
800.8328165545729   26.855065390749587
801.1707579110501   -0.7386188197767751
801.5085281656753   -35.23072408293456
801.8461271887957   -32.93125039872416
802.1835548507585   -23.733355661881887
802.5208110219108   -12.235987240829218
802.8578955726001   -23.733355661881887
803.1948083731733   -7.637039872408195
803.5315492939776   65.94611802232862
803.8681182053605   17.657170653907542
804.2045149776689   24.55559170653919
804.5407394812501   -37.53019776714518
804.8767915864512   61.3471706539076
805.2126711636197   6.159802232854872
805.5483780831024   -46.72809250398723
805.8839122152469   10.758749601275895
806.2192734304   -35.23072408293456
806.5544615989094   26.855065390749587
806.8894765911216   3.8603285486444747
807.2243182773846   -28.33230303030291
807.5589865280449   -5.337566188197798
807.8934812134501   -14.535460925039843
808.2278022039472   -30.631776714513535
808.5619493698837   8.459275917065497
808.8959225816064   -0.7386188197767751
809.2297217094629   -76.62125039872399
809.5633466238   -46.72809250398723
809.8967971949653   -90.41809250398728
810.2300732933057   15.357696969696917
810.5631747891684   -12.235987240829218
810.8961015529009   24.55559170653919
811.2288534548501   -44.4286188197766
811.5614303653632   -0.7386188197767751
811.8938321547876   24.55559170653919
812.2260586934705   -16.834934609250467
812.5581098517589   8.459275917065497
812.8899855000001   24.55559170653919
813.2216855085413   3.8603285486444747
813.5532097477296   22.256118022328565
813.8845580879124   33.753486443381234
814.2157303994369   6.159802232854872
814.5467265526501   -95.0170398724083
814.8775464178992   -90.41809250398728
815.2081898655316   -3.0380925039871727
815.5386567658944   -9.93651355661882
815.8689469893349   42.95138118022328
816.1990604062   10.758749601275895
816.5289968868371   8.459275917065497
816.8587563015936   38.35243381180226
817.1883385208164   -14.535460925039843
817.5177434148528   22.256118022328565
817.84697085405   45.250854864433904
818.1760207087552   13.05822328548652
818.5048928493156   8.459275917065497
818.8335871460785   -51.32703987240825
819.1621034693908   3.8603285486444747
819.4904416896001   29.154539074960212
819.8186016770533   -74.32177671451359
820.1465833020976   31.45401275917061
820.4743864350804   -0.7386188197767751
820.8020109463488   -49.027566188197625
821.12945670625   -5.337566188197798
821.4567235851312   65.94611802232862
821.7838114533396   10.758749601275895
822.1107201812224   56.748223285486574
822.4374496391268   1.5608548644338498
822.7639996974001   19.956644338118167
823.0903702263893   15.357696969696917
823.4165610964416   8.459275917065497
823.7425721779044   17.657170653907542
824.0684033411248   61.3471706539076
824.39405445645   -0.7386188197767751
824.7195253942272   1.5608548644338498
825.0448160248036   29.154539074960212
825.3699262185264   -42.129145135566205
825.6948558457428   15.357696969696917
826.0196047768   17.657170653907542
826.3441728820452   -0.7386188197767751
826.6685600318256   -0.7386188197767751
826.9927660964884   -32.93125039872416
827.3167909463808   15.357696969696917
827.64063445185   -0.7386188197767751
827.9642964832432   3.8603285486444747
828.2877769109076   -67.42335566188194
828.6110756051904   -21.43388197767149
828.9341924364388   42.95138118022328
829.257127275   -5.337566188197798
829.5798799912212   1.5608548644338498
829.9024504554496   6.159802232854872
830.2248385380324   -78.92072408293461
830.5470441093169   26.855065390749587
830.86906703965   -30.631776714513535
831.1909071993791   -28.33230303030291
831.5125644588516   36.05296012759163
831.8340386884144   -12.235987240829218
832.1553297584148   -53.626513556618875
832.4764375392   1.5608548644338498
832.7973619011171   36.05296012759163
833.1181027145136   8.459275917065497
833.4386598497364   22.256118022328565
833.7590331771328   19.956644338118167
834.07922256705   -3.0380925039871727
834.3992278898352   -12.235987240829218
834.7190490158356   -23.733355661881887
835.0386858153984   33.753486443381234
835.3581381588708   -21.43388197767149
835.6774059166   36.05296012759163
835.9964889589331   -30.631776714513535
836.3153871562175   -7.637039872408195
836.6341003788004   -26.032829346092512
836.9526284970289   17.657170653907542
837.27097138125   10.758749601275895
837.5891289018111   -3.0380925039871727
837.9071009290597   24.55559170653919
838.2248873333424   93.53980223285498
838.5424879850068   1.5608548644338498
838.8599027544   -7.637039872408195
839.1771315118692   3.8603285486444747
839.4941741277617   -28.33230303030291
839.8110304724244   -26.032829346092512
840.1277004162048   -12.235987240829218
840.4441838294499   6.159802232854872
840.7604805825072   -58.2254609250399
841.0765905457235   -0.7386188197767751
841.3925135894464   -26.032829346092512
841.7082495840228   1.5608548644338498
842.0237983998001   -0.7386188197767751
842.3391599071251   1.5608548644338498
842.6543339763456   8.459275917065497
842.9693204778083   -3.0380925039871727
843.2841192818607   -0.7386188197767751
843.59873025885   -60.524934609250295
843.9131532791232   6.159802232854872
844.2273882130276   -58.2254609250399
844.5414349309103   -39.82967145135558
844.8552933031187   38.35243381180226
845.1689631999999   6.159802232854872
845.4824444919011   82.04243381180231
845.7957370491695   -5.337566188197798
846.1088407421523   -5.337566188197798
846.4217554411968   -44.4286188197766
846.7344810166499   -26.032829346092512
847.0470173388592   -21.43388197767149
847.3593642781715   -65.12388197767132
847.6715217049343   -69.72282934609257
847.9834894894947   1.5608548644338498
848.2952675022   -37.53019776714518
848.6068556133971   -21.43388197767149
848.9182536934336   -3.0380925039871727
849.2294616126563   10.758749601275895
849.5404792414128   -19.134408293460865
849.85130645005   -12.235987240829218
850.1619431089151   -7.637039872408195
850.4723890883556   -42.129145135566205
850.7826442587183   47.5503285486443
851.0927084903507   -14.535460925039843
851.4025816535999   19.956644338118167
851.7122636188132   40.65190749601288
852.0217542563375   13.05822328548652
852.3310534365204   -3.0380925039871727
852.6401610297087   3.8603285486444747
852.9490769062498   26.855065390749587
853.2578009364911   1.5608548644338498
853.5663329907795   -5.337566188197798
853.8746729394624   -0.7386188197767751
854.1828206528868   17.657170653907542
854.4907760013999   -9.93651355661882
854.7985388553491   -3.0380925039871727
855.1061090850816   -16.834934609250467
855.4134865609444   77.44348644338129
855.7206711532847   33.753486443381234
856.0276627324499   -14.535460925039843
856.3344611687871   -30.631776714513535
856.6410663326435   8.459275917065497
856.9474780943663   47.5503285486443
857.2536963243027   -26.032829346092512
857.5597208927999   29.154539074960212
857.865551670205   -51.32703987240825
858.1711885268655   -5.337566188197798
858.4766313331284   10.758749601275895
858.7818799593407   65.94611802232862
859.0869342758499   -26.032829346092512
859.3917941530032   -12.235987240829218
859.6964594611475   -37.53019776714518
860.0009300706304   61.3471706539076
860.3052058517987   24.55559170653919
860.6092866750001   -3.0380925039871727
860.9131724105813   -21.43388197767149
861.2168629288897   33.753486443381234
861.5203581002725   10.758749601275895
861.8236577950769   24.55559170653919
862.1267618836501   19.956644338118167
862.4296702363393   49.84980223285493
862.7323827234917   15.357696969696917
863.0348992154545   42.95138118022328
863.337219582575   -12.235987240829218
863.6393436952002   -28.33230303030291
863.9412714236773   3.8603285486444747
864.2430026383538   52.149275917065324
864.5445372095766   13.05822328548652
864.8458750076929   -9.93651355661882
865.1470159030501   29.154539074960212
865.4479597659954   31.45401275917061
865.7487064668758   -49.027566188197625
866.0492558760385   68.24559170653902
866.3496078638309   -37.53019776714518
866.6497623006002   13.05822328548652
866.9497190566933   10.758749601275895
867.2494780024577   105.03717065390742
867.5490390082405   31.45401275917061
867.8484019443888   10.758749601275895
868.14756668125   -23.733355661881887
868.4465330891712   -28.33230303030291
868.7453010384997   22.256118022328565
869.0438703995825   31.45401275917061
869.342241042767   -30.631776714513535
869.6404128384002   63.646644338117994
869.9383856568293   61.3471706539076
870.2361593684018   79.74296012759169
870.5337338434645   -5.337566188197798
870.8311089523648   49.84980223285493
871.1282845654501   -16.834934609250467
871.4252605530673   -19.134408293460865
871.7220367855637   -35.23072408293456
872.0186131332865   19.956644338118167
872.3149894665829   -32.93125039872416
872.6111656558   42.95138118022328
872.9071415712854   13.05822328548652
873.2029170833857   6.159802232854872
873.4984920624485   -14.535460925039843
873.7938663788209   -28.33230303030291
874.0890399028501   1.5608548644338498
874.3840125048833   45.250854864433904
874.6787840552677   26.855065390749587
874.9733544243504   -30.631776714513535
875.2677234824789   15.357696969696917
875.5618911000001   -3.0380925039871727
875.8558571472613   75.14401275917066
876.1496214946096   47.5503285486443
876.4431840123924   26.855065390749587
876.7365445709569   61.3471706539076
877.0297030406501   3.8603285486444747
877.3226592918193   3.8603285486444747
877.6154131948117   15.357696969696917
877.9079646199745   -32.93125039872416
878.2003134376548   15.357696969696917
878.4924595182   17.657170653907542
878.7844027319574   -30.631776714513535
879.0761429492737   63.646644338117994
879.3676800404965   36.05296012759163
879.659013875973   17.657170653907542
879.95014432605   31.45401275917061
880.2410712610753   56.748223285486574
880.5317945513956   70.54506539074964
880.8223140673584   -23.733355661881887
881.1126296793109   26.855065390749587
881.4027412576   -12.235987240829218
881.6926486725732   24.55559170653919
881.9823517945777   26.855065390749587
882.2718504939605   24.55559170653919
882.5611446410688   59.04769696969697
882.8502341062501   10.758749601275895
883.1391187598513   29.154539074960212
883.4277984722197   29.154539074960212
883.7162731137024   40.65190749601288
884.004542554647   -19.134408293460865
884.2926066654001   33.753486443381234
884.5804653163092   -49.027566188197625
884.8681183777217   24.55559170653919
885.1555657199845   65.94611802232862
885.4428072134449   36.05296012759163
885.72984272845   29.154539074960212
886.0166721353472   31.45401275917061
886.3032953044836   -51.32703987240825
886.5897121062064   13.05822328548652
886.8759224108628   -19.134408293460865
887.1619260888001   29.154539074960212
887.4477230103653   -12.235987240829218
887.7333130459056   -0.7386188197767751
888.0186960657684   8.459275917065497
888.3038719403008   82.04243381180231
888.58884053985   47.5503285486443
888.8736017347633   65.94611802232862
889.1581553953877   10.758749601275895
889.4425013920704   38.35243381180226
889.7266395951588   61.3471706539076
890.0105698750001   13.05822328548652
890.2942921019412   45.250854864433904
890.5778061463297   42.95138118022328
890.8611118785125   31.45401275917061
891.1442091688368   1.5608548644338498
891.42709788765   1.5608548644338498
891.7097779052992   -5.337566188197798
891.9922490921317   -21.43388197767149
892.2745113184944   -9.93651355661882
892.5565644547348   36.05296012759163
892.8384083712001   22.256118022328565
893.1200429382372   -26.032829346092512
893.4014680261936   8.459275917065497
893.6826835054164   26.855065390749587
893.9636892462528   -21.43388197767149
894.24448511905   -3.0380925039871727
894.5250709941553   56.748223285486574
894.8054467419156   42.95138118022328
895.0856122326784   54.44874960127595
895.3655673367908   1.5608548644338498
895.6453119245999   24.55559170653919
895.9248458664532   -19.134408293460865
896.2041690326977   29.154539074960212
896.4832812936803   -19.134408293460865
896.7621825197489   -30.631776714513535
897.04087258125   -35.23072408293456
897.3193513485312   -3.0380925039871727
897.5976186919396   36.05296012759163
897.8756744818223   13.05822328548652
898.1535185885268   -7.637039872408195
898.4311508824   15.357696969696917
898.7085712337891   -42.129145135566205
898.9857795130415   54.44874960127595
899.2627755905044   -16.834934609250467
899.5395593365248   17.657170653907542
899.8161306214499   33.753486443381234
900.0924893156273   52.149275917065324
900.3686352894035   -30.631776714513535
900.6445684131263   13.05822328548652
900.9202885571428   29.154539074960212
901.1957955917999   -3.0380925039871727
901.4710893874452   61.3471706539076
901.7461698144256   52.149275917065324
902.0210367430884   -28.33230303030291
902.2956900437807   29.154539074960212
902.5701295868499   121.13348644338134
902.8443552426431   -5.337566188197798
903.1183668815074   47.5503285486443
903.3921643737904   6.159802232854872
903.6657475898388   24.55559170653919
903.9391164   -42.129145135566205
904.2122706746211   -26.032829346092512
904.4852102840496   17.657170653907542
904.7579350986325   -12.235987240829218
905.0304449887168   17.657170653907542
905.30273982465   -12.235987240829218
905.5748194767792   -30.631776714513535
905.8466838154515   -16.834934609250467
906.1183327110143   -9.93651355661882
906.3897660338148   -23.733355661881887
906.6609836542   8.459275917065497
906.9319854425172   38.35243381180226
907.2027712691136   95.83927591706538
907.4733410043364   98.138749601276
907.7436945185328   72.84453907496027
908.0138316820501   -9.93651355661882
908.2837523652353   10.758749601275895
908.5534564384357   -16.834934609250467
908.8229437719983   33.753486443381234
909.0922142362707   -28.33230303030291
909.3612677015999   -3.0380925039871727
909.6301040383331   15.357696969696917
909.8987231168176   -3.0380925039871727
910.1671248074005   15.357696969696917
910.4353089804289   10.758749601275895
910.7032755062501   -19.134408293460865
910.9710242552111   31.45401275917061
911.2385550976596   13.05822328548652
911.5058679039423   -3.0380925039871727
911.7729625444067   -7.637039872408195
912.0398388894   -12.235987240829218
912.3064968092691   24.55559170653919
912.5729361743615   -5.337566188197798
912.8391568550243   54.44874960127595
913.1051587216048   -12.235987240829218
913.3709416444501   47.5503285486443
913.6365054939073   -21.43388197767149
913.9018501403236   31.45401275917061
914.1669754540463   -26.032829346092512
914.4318813054228   36.05296012759163
914.6965675648   -5.337566188197798
914.9610341025252   -12.235987240829218
915.2252807889455   59.04769696969697
915.4893074944084   -21.43388197767149
915.7531140892607   29.154539074960212
916.0167004438499   -3.0380925039871727
916.280066428523   -0.7386188197767751
916.5432119136276   3.8603285486444747
916.8061367695104   15.357696969696917
917.0688408665187   -16.834934609250467
917.3313240749999   22.256118022328565
917.5935862653012   31.45401275917061
917.8556273077695   -16.834934609250467
918.1174470727524   -44.4286188197766
918.3790454305966   -5.337566188197798
918.64042225165   13.05822328548652
918.9015774062592   26.855065390749587
919.1625107647716   8.459275917065497
919.4232221975343   1.5608548644338498
919.6837115748948   -32.93125039872416
919.9439787672   19.956644338118167
920.2040236447972   13.05822328548652
920.4638460780335   72.84453907496027
920.7234459372564   -0.7386188197767751
920.9828230928126   26.855065390749587
921.2419774150499   38.35243381180226
921.5009087743151   15.357696969696917
921.7596170409554   -9.93651355661882
922.0181020853183   -14.535460925039843
922.2763637777507   -12.235987240829218
922.5344019885998   -7.637039872408195
922.7922165882131   -23.733355661881887
923.0498074469376   -90.41809250398728
923.3071744351204   -30.631776714513535
923.5643174231087   31.45401275917061
923.82123628125   -12.235987240829218
924.077930879891   24.55559170653919
924.3344010893794   70.54506539074964
924.5906467800626   -12.235987240829218
924.8466678222869   31.45401275917061
925.1024640864001   -0.7386188197767751
925.3580354427494   -26.032829346092512
925.6133817616817   15.357696969696917
925.8685029135446   109.63611802232867
926.1233987686849   19.956644338118167
926.37806919745   36.05296012759163
926.6325140701874   1.5608548644338498
926.8867332572437   22.256118022328565
927.1407266289666   31.45401275917061
927.394494055703   56.748223285486574
927.6480354078001   -3.0380925039871727
927.9013505556052   -14.535460925039843
928.1544393694658   31.45401275917061
928.4073017197285   24.55559170653919
928.6599374767409   -9.93651355661882
928.9123465108502   -5.337566188197798
929.1645286924032   68.24559170653902
929.4164838917477   -65.12388197767132
929.6682119792306   -7.637039872408195
929.919712825199   17.657170653907542
930.1709863000002   3.8603285486444747
930.4220322739814   24.55559170653919
930.6728506174898   3.8603285486444747
930.9234412008725   1.5608548644338498
931.173803894477   -23.733355661881887
931.4239385686502   -3.0380925039871727
931.6738450937394   36.05296012759163
931.9235233400916   -12.235987240829218
932.1729731780546   -0.7386188197767751
932.4221944779749   40.65190749601288
932.6711871102002   63.646644338117994
932.9199509450773   1.5608548644338498
933.1684858529537   38.35243381180226
933.4167917041766   31.45401275917061
933.6648683690929   29.154539074960212
933.9127157180501   -14.535460925039843
934.1603336213954   -46.72809250398723
934.4077219494758   -0.7386188197767751
934.6548805726386   22.256118022328565
934.9018093612309   36.05296012759163
935.1485081856001   -30.631776714513535
935.3949769160931   8.459275917065497
935.6412154230578   -5.337566188197798
935.8872235768405   15.357696969696917
936.1330012477888   -37.53019776714518
936.37854830625   36.05296012759163
936.6238646225712   -7.637039872408195
936.8689500670998   63.646644338117994
937.1138045101825   -60.524934609250295
937.3584278221668   17.657170653907542
937.6028198734001   24.55559170653919
937.8469805342293   -5.337566188197798
938.0909096750017   -7.637039872408195
938.3346071660645   -9.93651355661882
938.578072877765   3.8603285486444747
938.8213066804501   29.154539074960212
939.0643084444674   22.256118022328565
939.3070780401636   3.8603285486444747
939.5496153378864   -7.637039872408195
939.7919202079829   72.84453907496027
940.0339925208001   -9.93651355661882
940.2758321466853   -44.4286188197766
940.5174389559857   -0.7386188197767751
940.7588128190484   -28.33230303030291
940.999953606221   -30.631776714513535
941.24086118785   13.05822328548652
941.4815354342832   17.657170653907542
941.7219762158676   -14.535460925039843
941.9621834029505   13.05822328548652
942.2021568658789   10.758749601275895
942.4418964750001   6.159802232854872
942.6814021006612   31.45401275917061
942.9206736132096   -30.631776714513535
943.1597108829924   -51.32703987240825
943.3985137803569   -5.337566188197798
943.63708217565   10.758749601275895
943.8754159392194   -7.637039872408195
944.1135149414116   -9.93651355661882
944.3513790525744   70.54506539074964
944.5890081430548   -26.032829346092512
944.8264020832   15.357696969696917
945.0635607433574   -5.337566188197798
945.3004839938735   -0.7386188197767751
945.5371717050965   45.250854864433904
945.7736237473728   65.94611802232862
946.0098399910501   24.55559170653919
946.2458203064754   6.159802232854872
946.4815645639957   10.758749601275895
946.7170726339584   33.753486443381234
946.9523443867108   -16.834934609250467
947.1873796926001   17.657170653907542
947.4221784219733   33.753486443381234
947.6567404451775   31.45401275917061
947.8910656325604   -3.0380925039871727
948.1251538544689   8.459275917065497
948.3590049812501   40.65190749601288
948.5926188832511   -51.32703987240825
948.8259954308197   6.159802232854872
949.0591344943025   -19.134408293460865
949.2920359440469   88.94085486443373
949.5246996504   52.149275917065324
949.7571254837093   -12.235987240829218
949.9893133143215   -3.0380925039871727
950.2212630125846   1.5608548644338498
950.4529744488449   10.758749601275895
950.6844474934499   26.855065390749587
950.9156820167472   36.05296012759163
951.1466778890835   -9.93651355661882
951.3774349808065   22.256118022328565
951.6079531622628   40.65190749601288
951.8382323037999   10.758749601275895
952.0682722757651   17.657170653907542
952.2980729485055   -35.23072408293456
952.5276341923684   6.159802232854872
952.7569558777009   6.159802232854872
952.9860378748501   6.159802232854872
953.2148800541632   13.05822328548652
953.4434822859877   13.05822328548652
953.6718444406704   -21.43388197767149
953.8999663885587   1.5608548644338498
954.1278480000001   6.159802232854872
954.3554891453412   31.45401275917061
954.5828896949297   -0.7386188197767751
954.8100495191125   42.95138118022328
955.0369684882368   33.753486443381234
955.2636464726501   79.74296012759169
955.4900833426991   -46.72809250398723
955.7162789687316   10.758749601275895
955.9422332210945   17.657170653907542
956.1679459701347   19.956644338118167
956.3934170862001   -74.32177671451359
956.6186464396372   -9.93651355661882
956.8436339007936   -14.535460925039843
957.0683793400162   70.54506539074964
957.2928826276527   52.149275917065324
957.51714363405   -23.733355661881887
957.7411622295551   -5.337566188197798
957.9649382845157   33.753486443381234
958.1884716692783   -21.43388197767149
958.4117622541908   40.65190749601288
958.6348099096001   13.05822328548652
958.8576145058532   -30.631776714513535
959.0801759132977   -60.524934609250295
959.3024940022805   -55.92598724082927
959.5245686431489   -35.23072408293456
959.7463997062499   8.459275917065497
959.9679870619312   22.256118022328565
960.1893305805396   -7.637039872408195
960.4104301324224   52.149275917065324
960.6312855879268   36.05296012759163
960.8518968174   -7.637039872408195
961.0722636911892   -3.0380925039871727
961.2923860796416   36.05296012759163
961.5122638531043   -5.337566188197798
961.7318968819247   42.95138118022328
961.95128503645   84.34190749601271
962.1704281870273   75.14401275917066
962.3893262040035   29.154539074960212
962.6079789577263   -3.0380925039871727
962.8263863185429   -0.7386188197767751
963.0445481568   -16.834934609250467
963.2624643428451   31.45401275917061
963.4801347470257   -19.134408293460865
963.6975592396884   29.154539074960212
963.9147376911808   24.55559170653919
964.13166997185   26.855065390749587
964.3483559520432   52.149275917065324
964.5647955021077   -19.134408293460865
