336.198   0.0
336.65626893859024   -1.0
337.1145630448184   -0.40000000000009095
337.57288233437015   -1.599999999999909
338.03122682293133   -0.40000000000009095
338.48959652618777   1.0
338.9479914598253   -1.0
339.4064116395298   -2.7999999999999545
339.8648570809869   -0.40000000000009095
340.3233277998826   -1.7999999999999545
340.7818238119026   -1.2000000000000455
341.2403451327327   0.0
341.6988917780588   -2.0
342.15746376356674   0.599999999999909
342.6160611049423   1.599999999999909
343.07468381787123   1.599999999999909
343.5333319180394   -1.400000000000091
343.99200542113266   -0.40000000000009095
344.45070434283673   -0.20000000000004547
344.90942869883753   0.0
345.3681785048208   -1.599999999999909
345.82695377647235   -1.2999999999999545
346.285754529478   -1.0
346.7445807795237   -0.20000000000004547
347.20343254229516   -0.7999999999999545
347.6623098334781   -2.400000000000091
348.1212126687585   0.20000000000004547
348.58014106382205   -0.40000000000009095
349.0390950343546   -1.0
349.49807459604204   0.0
349.95707976457015   0.20000000000004547
350.4161105556247   0.7999999999999545
350.8751669848916   1.400000000000091
351.3342490680565   1.0
351.79335682080534   1.2000000000000455
352.252490258824   -0.599999999999909
352.71164939779806   1.0
353.17083425341355   -0.40000000000009095
353.6300448413562   0.599999999999909
354.0892811773119   -0.599999999999909
354.54854327696637   0.0
355.00783115600547   0.0
355.467144830115   -0.7999999999999545
355.92648431498077   -1.2000000000000455
356.38584962628863   0.0
356.84524077972435   -1.0
357.3046577909738   0.0
357.76410067572283   -0.20000000000004547
358.22356944965713   -1.400000000000091
358.6830641284626   -1.0
359.14258472782495   0.7999999999999545
359.6021312634302   -0.20000000000004547
360.06170375096394   1.400000000000091
360.5213022061121   -3.2000000000000455
360.98092664456055   2.7999999999999545
361.440577081995   1.7999999999999545
361.9002535341014   5.2000000000000455
362.3599560165654   7.400000000000091
362.8196845450729   11.799999999999955
363.2794391353097   11.0
363.7392198029616   10.200000000000045
364.1990265637144   9.599999999999909
364.658859433254   10.0
365.1187184272662   9.599999999999909
365.57860356143675   11.200000000000045
366.0385148514515   9.599999999999909
366.4984523129963   8.599999999999909
366.9584159617569   6.7999999999999545
367.41840581341904   2.2000000000000455
367.87842188366875   1.599999999999909
368.3384641881917   0.7999999999999545
368.79853274267384   0.20000000000004547
369.2586275628008   -1.7999999999999545
369.7187486642585   -1.7999999999999545
370.1788960627328   1.400000000000091
370.6390697739094   -1.2000000000000455
371.0992698134741   0.40000000000009095
371.5594961971128   -1.599999999999909
372.0197489405114   -1.2000000000000455
372.48002805935556   -1.599999999999909
372.9403335693312   -0.7999999999999545
373.400665486124   0.7999999999999545
373.86102382542   -0.599999999999909
374.3214086029047   -2.599999999999909
374.7818198342642   -3.599999999999909
375.2422575351842   -1.599999999999909
375.70272172135054   -0.599999999999909
376.163212408449   -0.7999999999999545
376.6237296121654   -2.2000000000000455
377.0842733481856   0.0
377.5448436321954   1.599999999999909
378.0054404798806   0.20000000000004547
378.466063906927   -1.2000000000000455
378.9267139290204   0.7999999999999545
379.3873905618467   -3.400000000000091
379.84809382109165   -1.7999999999999545
380.3088237224411   0.20000000000004547
380.76958028158083   0.20000000000004547
381.2303635141967   -0.7999999999999545
381.6911734359744   1.400000000000091
382.15201006259997   -1.400000000000091
382.61287340975906   -1.2000000000000455
383.0737634931375   -1.599999999999909
383.5346803284212   -1.0
383.9956239312959   -2.2000000000000455
384.4565943174473   -1.0
384.91759150256144   -1.0
385.378615502324   -0.20000000000004547
385.8396663324208   -1.2000000000000455
386.3007440085377   1.0
386.76184854636057   -3.0
387.2229799615751   -1.2000000000000455
387.6841382698672   -3.400000000000091
388.1453234869226   -1.400000000000091
388.60653562842725   -2.0
389.0677747100667   0.0
389.52904074752706   0.0
389.99033375649407   -1.400000000000091
390.45165375265344   1.599999999999909
390.9130007516911   -0.7999999999999545
391.3743747692928   -4.599999999999909
391.83577582114435   -1.400000000000091
392.2972039229316   -0.40000000000009095
392.75865909034036   -0.7999999999999545
393.2201413390564   -1.599999999999909
393.6816506847656   1.2000000000000455
394.14318714315374   1.2000000000000455
394.6047507299067   0.0
395.0663414607102   1.0
395.5279593512501   0.40000000000009095
395.9896044172122   1.599999999999909
396.45127667428227   -2.7999999999999545
396.91297613814623   1.400000000000091
397.37470282448993   3.400000000000091
397.83645674899907   1.7999999999999545
398.2982379273594   0.40000000000009095
398.76004637525693   2.2000000000000455
399.22188210837743   2.599999999999909
399.68374514240656   1.2000000000000455
400.14563549303034   4.599999999999909
400.60755317593436   7.7999999999999545
401.06949820680467   15.799999999999955
401.53147060132693   28.799999999999955
401.99347037518703   49.40000000000009
402.45549754407074   61.200000000000045
402.9175521236639   62.40000000000009
403.37963412965235   61.59999999999991
403.8417435777218   63.0
404.3038804835582   65.79999999999995
404.7660448628473   63.59999999999991
405.22823673127493   68.20000000000005
405.69045610452696   63.200000000000045
406.1527029982891   63.0
406.6149774282472   51.200000000000045
407.07727941008704   32.40000000000009
407.5396089594946   20.40000000000009
408.00196609215544   16.0
408.46435082375564   12.599999999999909
408.92676316998075   13.599999999999909
409.3892031465168   14.599999999999909
409.8516707690496   12.200000000000045
410.31416605326484   11.799999999999955
410.7766890148484   11.799999999999955
411.239239669486   13.200000000000045
411.7018180328636   10.200000000000045
412.164424120667   11.799999999999955
412.6270579485819   14.0
413.0897195322943   15.400000000000091
413.55240888748983   15.400000000000091
414.0151260298544   17.0
414.47787097507376   17.799999999999955
414.94064373883384   17.40000000000009
415.4034443368203   18.0
415.8662727847191   18.59999999999991
416.329129098216   17.59999999999991
416.7920132929969   16.799999999999955
417.2549253847474   17.0
417.7178653891535   20.200000000000045
418.18083332190093   21.59999999999991
418.6438291986755   22.59999999999991
419.1068530351631   22.59999999999991
419.56990484704954   25.0
420.03298465002064   25.799999999999955
420.4960924597621   26.59999999999991
420.9592282919599   27.0
421.42239216229973   23.799999999999955
421.88558408646736   30.0
422.34880408014885   27.59999999999991
422.81205215902975   28.59999999999991
423.27532833879593   30.799999999999955
423.73863263513334   31.799999999999955
424.20196506372776   32.200000000000045
424.66532564026494   31.40000000000009
425.1287143804306   35.799999999999955
425.5921312999108   36.0
426.0555764143911   39.0
426.51904973955754   39.40000000000009
426.98255129109583   38.799999999999955
427.4460810846918   39.40000000000009
427.9096391360312   42.40000000000009
428.3732254608   42.799999999999955
428.8368400746839   43.0
429.3004829933686   43.200000000000045
429.7641542325402   49.59999999999991
430.2278538078843   52.40000000000009
430.6915817350868   51.0
431.1553380298335   58.799999999999955
431.6191227078102   64.79999999999995
432.0829357847027   77.20000000000005
432.54677727619696   115.79999999999995
433.0106471979786   174.79999999999995
433.4745455657335   235.79999999999995
433.93847239514747   259.5999999999999
434.40242770190645   258.0
434.86641150169606   254.79999999999995
435.33042381020226   260.0
435.79446464311076   259.5999999999999
436.2585340161075   264.0
436.7226319448782   255.5999999999999
437.18675844510875   249.0
437.65091353248476   226.0
438.1150972226923   156.5999999999999
438.5793095314171   109.0
439.04355047434495   85.59999999999991
439.5078200671617   79.40000000000009
439.97211832555314   78.79999999999995
440.43644526520507   77.79999999999995
440.9008009018033   80.59999999999991
441.36518525103367   78.59999999999991
441.829598328582   81.0
442.2940401501342   77.59999999999991
442.7585107313759   76.59999999999991
443.22301008799303   75.59999999999991
443.68753823567135   77.79999999999995
444.15209519009665   76.0
444.616680966955   77.40000000000009
445.08129558193184   80.59999999999991
445.54593905071323   81.0
446.0106113889849   77.79999999999995
446.4753126124327   77.40000000000009
446.9400427367424   76.79999999999995
447.4048017775998   78.20000000000005
447.86958975069086   77.40000000000009
448.3344066717012   76.20000000000005
448.7992525563168   77.20000000000005
449.2641274202234   75.59999999999991
449.7290312791068   76.79999999999995
450.19396414865287   79.0
450.6589260445474   81.20000000000005
451.12391698247615   80.79999999999995
451.58893697812493   80.40000000000009
452.05398604717976   78.0
452.5190642053262   80.20000000000005
452.98417146825017   81.0
453.44930785163757   82.79999999999995
453.91447337117404   82.40000000000009
454.3796680425456   83.0
454.8448918814378   81.59999999999991
455.3101449035367   84.59999999999991
455.775427124528   78.79999999999995
456.24073856009755   82.20000000000005
456.7060792259312   80.20000000000005
457.17144913771466   79.0
457.63684831113386   75.20000000000005
458.1022767618745   75.59999999999991
458.5677345056225   75.59999999999991
459.0332215580636   72.20000000000005
459.49873793488365   71.79999999999995
459.96428365176854   70.40000000000009
460.42985872440397   70.59999999999991
460.89546316847577   69.59999999999991
461.3610969996698   67.0
461.82676023367185   69.79999999999995
462.2924528861677   68.0
462.75817497284334   66.59999999999991
463.22392650938434   65.40000000000009
463.6897075114766   66.20000000000005
464.1555179948061   62.799999999999955
464.6213579750584   65.20000000000005
465.08722746791955   63.59999999999991
465.5531264890751   64.20000000000005
466.0190550542112   60.799999999999955
466.4850131790133   63.200000000000045
466.9510008791676   62.799999999999955
467.41701817035954   63.40000000000009
467.8830650682752   62.200000000000045
468.3491415886003   64.0
468.81524774702063   65.59999999999991
469.28138355922204   62.799999999999955
469.7475490408903   61.59999999999991
470.21374420771144   60.59999999999991
470.67996907537093   61.40000000000009
471.14622365955483   60.0
471.61250797594886   62.200000000000045
472.0788220402389   62.200000000000045
472.5451658681107   58.0
473.01153947525   59.0
473.47794287734285   58.0
473.94437609007485   55.200000000000045
474.41083912913206   54.40000000000009
474.87733201019995   51.59999999999991
475.34385474896465   54.0
475.81040736111174   51.200000000000045
476.2769898623272   52.200000000000045
476.7436022682968   50.40000000000009
477.21024459470624   50.799999999999955
477.6769168572416   52.799999999999955
478.1436190715884   51.59999999999991
478.61035125343267   53.0
479.0771134184601   53.59999999999991
479.54390558235656   54.799999999999955
480.01072776080787   63.59999999999991
480.4775799694998   66.59999999999991
480.9444622241183   69.0
481.4113745403489   78.20000000000005
481.8783169338778   86.79999999999995
482.3452894203905   101.59999999999991
482.8122920155729   116.20000000000005
483.2793247351109   128.4000000000001
483.74638759469025   142.20000000000005
484.2134806099968   162.79999999999995
484.68060379671624   183.0
485.14775717053465   197.79999999999995
485.61494074713755   207.79999999999995
486.08215454221096   223.20000000000005
486.5493985714406   236.79999999999995
487.01667285051235   241.4000000000001
487.48397739511194   250.4000000000001
487.95131222092516   248.0
488.418677343638   248.20000000000005
488.8860727789362   244.79999999999995
489.3534985425055   243.5999999999999
489.8209546500317   236.4000000000001
490.28844111720076   226.5999999999999
490.7559579596984   218.79999999999995
491.2235051932105   214.79999999999995
491.69108283342274   208.5999999999999
492.158690896021   195.5999999999999
492.62632939669123   187.5999999999999
493.09399835111907   177.79999999999995
493.56169777499036   174.5999999999999
494.029427683991   165.0
494.4971880938068   157.20000000000005
494.96497902012345   154.0
495.43280047862686   144.5999999999999
495.9006524850029   139.0
496.36853505493724   132.5999999999999
496.83644820411587   126.0
497.30439194822446   119.40000000000009
497.7723663029489   108.79999999999995
498.240371283975   102.79999999999995
498.70840690698856   96.40000000000009
499.1764731876753   87.0
499.64457014172115   81.59999999999991
500.11269778481204   71.79999999999995
500.5808561326335   63.59999999999991
501.0490452008716   59.200000000000045
501.51726500521204   52.40000000000009
501.9855155613406   48.0
502.4537968849432   44.0
502.92210899170556   39.0
503.3904518973136   36.59999999999991
503.85882561745296   34.0
504.32723016780966   32.0
504.7956655640694   30.0
505.264131821918   28.0
505.7326289570413   28.0
506.2011569851251   25.40000000000009
506.66971592185524   22.40000000000009
507.13830578291754   23.59999999999991
507.6069265839978   21.59999999999991
508.07557834078176   24.0
508.54426106895534   22.0
509.0129747842044   20.799999999999955
509.4817195022146   19.59999999999991
509.95049523867186   19.200000000000045
510.4193020092619   19.40000000000009
510.88813982967076   19.0
511.35700871558396   18.59999999999991
511.82590868268755   18.200000000000045
512.2948397466671   19.40000000000009
512.7638019232088   18.59999999999991
513.2327952279982   19.40000000000009
513.701819676721   16.200000000000045
514.1708752850633   17.799999999999955
514.6399620687107   18.40000000000009
515.1090800433492   15.200000000000045
515.5782292246644   17.0
516.0474096283423   16.0
516.5166212700688   15.599999999999909
516.9858641655295   16.0
517.45513833041   14.799999999999955
517.9244437803967   15.400000000000091
518.393780531175   13.299999999999955
518.8631485984308   11.200000000000045
519.3325479978502   10.200000000000045
519.8019787451185   12.599999999999909
520.2714408559218   12.599999999999909
520.740934345946   11.599999999999909
521.2104592308767   10.0
521.6800155264   10.200000000000045
522.1496032482013   10.200000000000045
522.6192224119668   9.599999999999909
523.0888730333822   9.400000000000091
523.5585551281333   9.400000000000091
524.0282687119059   8.799999999999955
524.4980138003856   7.2000000000000455
524.9677904092587   9.200000000000045
525.4375985542106   8.400000000000091
525.9074382509273   8.200000000000045
526.3773095150945   6.0
526.8472123623982   10.400000000000091
527.3171468085242   8.799999999999955
527.7871128691581   9.0
528.2571105599858   11.0
528.7271398966932   9.200000000000045
529.1972008949662   11.200000000000045
529.6672935704903   9.599999999999909
530.1374179389517   11.799999999999955
530.6075740160358   13.799999999999955
531.0777618174287   15.599999999999909
531.5479813588162   15.599999999999909
532.0182326558842   18.40000000000009
532.4885157243182   23.0
532.9588305798042   25.200000000000045
533.4291772380282   26.40000000000009
533.8995557146756   32.59999999999991
534.3699660254326   37.59999999999991
534.8404081859846   42.59999999999991
535.310882212018   53.799999999999955
535.7813881192181   65.40000000000009
536.251925923271   79.40000000000009
536.7224956398625   101.59999999999991
537.1930972846782   121.40000000000009
537.6637308734041   155.0
538.1343964217259   196.0
538.6050939453297   254.20000000000005
539.0758234599009   336.0
539.5465849811254   446.20000000000005
540.0173785246894   574.8000000000002
540.4882041062783   709.1999999999998
540.9590617415782   814.5999999999999
541.4299514462747   933.0
541.9008732360536   1039.6
542.371827126601   1137.4
542.8428131336024   1250.0
543.3138312727438   1394.6
543.7848815597109   1504.6
544.2559640101896   1521.4
544.7270786398656   1443.8000000000002
545.198225464425   1362.0
545.6694044995533   1276.4
546.1406157609364   1168.4
546.6118592642603   1074.1999999999998
547.0831350252105   977.0
547.5544430594731   897.5999999999999
548.0257833827336   774.4000000000001
548.4971560106783   592.5999999999999
548.9685609589925   492.4000000000001
549.4399982433624   409.4000000000001
549.9114678794735   374.0
550.3829698830119   356.0
550.8545042696634   333.5999999999999
551.3260710551134   309.0
551.7976702550483   275.20000000000005
552.2693018851535   247.20000000000005
552.7409659611151   220.5999999999999
553.2126624986186   197.20000000000005
553.6843915133501   170.4000000000001
554.1561530209951   144.20000000000005
554.6279470372397   125.0
555.0997735777697   100.59999999999991
555.5716326582708   83.40000000000009
556.0435242944291   65.20000000000005
556.5154485019298   54.0
556.9874052964593   45.0
557.4593946937032   41.200000000000045
557.9314167093474   34.200000000000045
558.4034713590775   31.59999999999991
558.8755586585794   30.200000000000045
559.3476786235392   25.799999999999955
559.8198312696422   23.200000000000045
560.2920166125748   19.0
560.7642346680224   18.59999999999991
561.2364854516709   21.200000000000045
561.7087689792062   20.40000000000009
562.1810852663141   16.0
562.6534343286802   14.0
563.1258161819907   14.599999999999909
563.5982308419311   15.200000000000045
564.0706783241873   11.799999999999955
564.5431586444453   12.799999999999955
565.0156718183906   12.0
565.4882178617092   11.599999999999909
565.960796790087   12.400000000000091
566.4334086192096   10.200000000000045
566.906053364763   8.799999999999955
567.3787310424328   9.0
567.8514416679052   7.400000000000091
568.3241852568656   8.200000000000045
568.796961825   10.200000000000045
569.2697713879942   9.599999999999909
569.742613961534   8.0
570.2154895613053   11.599999999999909
570.6883982029938   13.599999999999909
571.1613399022854   13.400000000000091
571.6343146748658   15.400000000000091
572.1073225364208   17.200000000000045
572.5803635026365   19.200000000000045
573.0534375891984   23.59999999999991
573.5265448117925   29.200000000000045
573.9996851861046   46.59999999999991
574.4728587278205   66.59999999999991
574.9460654526259   86.40000000000009
575.4193053762068   91.59999999999991
575.8925785142487   109.20000000000005
576.3658848824377   133.0
576.8392244964598   159.0
577.3125973720003   177.79999999999995
577.7860035247454   193.5999999999999
578.2594429703807   209.4000000000001
578.7329157245923   216.20000000000005
579.2064218030657   209.0
579.6799612214868   212.5999999999999
580.1535339955415   219.5999999999999
580.6271401409155   230.79999999999995
581.1007796732948   242.79999999999995
581.5744526083652   244.20000000000005
582.0481589618122   246.5999999999999
582.521898749322   245.79999999999995
582.9956719865801   246.4000000000001
583.4694786892727   254.20000000000005
583.9433188730852   264.20000000000005
584.4171925537037   276.79999999999995
584.8910997468137   282.20000000000005
585.3650404681015   290.79999999999995
585.8390147332524   287.79999999999995
586.3130225579526   283.5999999999999
586.7870639578878   271.79999999999995
587.2611389487437   266.20000000000005
587.7352475462064   262.0
588.2093897659614   255.20000000000005
588.6835656236946   248.79999999999995
589.1577751350918   234.0
589.6320183158391   222.79999999999995
590.1062951816219   206.0
590.5806057481262   193.20000000000005
591.0549500310378   179.4000000000001
591.5293280460427   166.0
592.0037398088265   148.79999999999995
592.478185335075   140.5999999999999
592.952664640474   128.5999999999999
593.4271777407096   118.59999999999991
593.9017246514672   108.20000000000005
594.376305388433   101.20000000000005
594.8509199672926   88.20000000000005
595.3255684037318   81.79999999999995
595.8002507134364   71.0
596.2749669120925   67.40000000000009
596.7497170153856   65.0
597.2245010390016   66.59999999999991
597.6993189986264   66.0
598.1741709099456   64.0
598.6490567886453   64.40000000000009
599.1239766504112   63.799999999999955
599.598930510929   62.59999999999991
600.0739183858847   58.0
600.548940290964   59.799999999999955
601.0239962418526   54.200000000000045
601.4990862542368   51.59999999999991
601.9742103438018   45.200000000000045
602.4493685262336   42.0
602.9245608172183   38.40000000000009
603.3997872324417   38.59999999999991
603.8750477875892   36.200000000000045
604.3503424983468   38.59999999999991
604.8256713804004   41.799999999999955
605.301034449436   46.40000000000009
605.776431721139   51.40000000000009
606.2518632111954   60.40000000000009
606.7273289352911   75.40000000000009
607.2028289091119   99.20000000000005
607.6783631483436   150.4000000000001
608.1539316686719   225.20000000000005
608.6295344857825   327.0
609.1051716153617   429.0
609.5808430730948   492.20000000000005
610.0565488746681   536.5999999999999
610.5322890357669   579.5999999999999
611.0080635720775   606.1999999999998
611.4838724992853   624.5999999999999
611.9597158330765   646.4000000000001
612.4355935891366   636.5999999999999
612.9115057831515   607.1999999999998
613.387452430807   532.4000000000001
613.8634335477891   447.5999999999999
614.3394491497836   375.4000000000001
614.815499252476   320.5999999999999
615.2915838715522   283.79999999999995
615.7677030226984   259.20000000000005
616.2438567216   237.79999999999995
616.720044983943   225.79999999999995
617.1962678254131   216.5999999999999
617.6725252616961   212.20000000000005
618.1488173084782   216.0
618.6251439814449   216.5999999999999
619.1015052962819   213.4000000000001
619.5779012686751   221.79999999999995
620.0543319143103   221.20000000000005
620.5307972488736   221.79999999999995
621.0072972880506   217.0
621.483832047527   218.0
621.9604015429887   207.0
622.4370057901217   200.0
622.9136448046116   182.79999999999995
623.3903186021444   169.4000000000001
623.8670271984055   155.5999999999999
624.3437706090812   143.4000000000001
624.820548849857   131.79999999999995
625.297361936419   121.0
625.7742098844528   115.0
626.2510927096441   106.59999999999991
626.7280104276791   102.59999999999991
627.2049630542435   97.40000000000009
627.6819506050228   98.20000000000005
628.1589730957031   106.0
628.6360305419701   108.20000000000005
629.1131229595097   111.40000000000009
629.5902503640078   110.40000000000009
630.06741277115   107.40000000000009
630.5446101966221   103.79999999999995
631.0218426561102   95.40000000000009
631.4991101652998   90.59999999999991
631.9764127398771   82.79999999999995
632.4537503955274   74.0
632.9311231479369   64.59999999999991
633.4085310127914   50.40000000000009
633.8859740057766   39.200000000000045
634.3634521425781   30.40000000000009
634.8409654388821   25.59999999999991
635.3185139103742   21.200000000000045
635.7960975727406   19.59999999999991
636.2737164416666   20.0
636.7513705328381   15.200000000000045
637.229059861941   16.0
637.7067844446615   14.599999999999909
638.1845442966847   12.799999999999955
638.662339433697   14.200000000000045
639.1401698713838   17.799999999999955
639.6180356254312   16.0
640.0959367115249   16.799999999999955
640.573873145351   16.0
641.0518449425947   14.599999999999909
641.5298521189422   16.59999999999991
642.0078946900794   18.59999999999991
642.485972671692   16.40000000000009
642.9640860794659   18.799999999999955
643.4422349290867   19.59999999999991
643.9204192362403   19.59999999999991
644.3986390166127   21.40000000000009
644.8768942858896   20.59999999999991
645.3551850597568   20.59999999999991
645.8335113538999   22.200000000000045
646.311873184005   23.0
646.790270565758   21.59999999999991
647.2687035148446   23.200000000000045
647.7471720469504   26.59999999999991
648.2256761777612   30.59999999999991
648.7042159229635   30.200000000000045
649.1827912982423   32.200000000000045
649.6614023192839   30.59999999999991
650.1400490017736   31.0
650.6187313613979   31.59999999999991
651.0974494138421   31.799999999999955
651.5762031747926   31.200000000000045
652.0549926599343   27.200000000000045
652.5338178849537   27.799999999999955
653.0126788655366   22.59999999999991
653.4915756173685   25.40000000000009
653.9705081561355   17.200000000000045
654.4494764975232   15.799999999999955
654.9284806572175   15.599999999999909
655.4075206509043   17.59999999999991
655.8865964942693   13.200000000000045
656.3657082029982   11.799999999999955
656.8448557927771   9.599999999999909
657.3240392792918   11.0
657.8032586782278   11.0
658.2825140052713   10.0
658.7618052761078   10.599999999999909
659.2411325064232   11.0
659.7204957119036   14.599999999999909
660.1998949082346   13.400000000000091
660.6793301111018   15.799999999999955
661.1588013361911   14.799999999999955
661.6383085991886   18.0
662.11785191578   18.0
662.5974313016509   18.200000000000045
663.0770467724874   18.59999999999991
663.556698343975   18.799999999999955
664.0363860317999   18.799999999999955
664.5161098516478   17.59999999999991
664.9958698192042   18.200000000000045
665.4756659501552   16.40000000000009
665.9554982601866   18.799999999999955
666.4353667649842   17.799999999999955
666.915271480234   20.799999999999955
667.3952124216213   17.200000000000045
667.8751896048323   18.59999999999991
668.3552030455528   18.0
668.8352527594686   15.200000000000045
669.3153387622655   16.0
669.7954610696291   15.400000000000091
670.2756196972455   15.200000000000045
670.7558146608004   16.200000000000045
671.2360459759798   14.200000000000045
671.7163136584692   14.200000000000045
672.1966177239545   13.599999999999909
672.6769581881218   12.599999999999909
673.1573350666565   12.0
673.6377483752448   13.599999999999909
674.1181981295722   12.400000000000091
674.5986843453246   15.0
675.079207038188   14.0
675.5597662238481   14.400000000000091
676.0403619179906   15.200000000000045
676.5209941363013   15.400000000000091
677.0016628944662   14.799999999999955
677.4823682081712   14.200000000000045
677.9631100931019   13.599999999999909
678.4438885649441   14.599999999999909
678.9247036393837   13.400000000000091
679.4055553321066   14.799999999999955
679.8864436587985   14.599999999999909
680.3673686351451   10.599999999999909
680.8483302768325   15.799999999999955
681.3293285995462   14.599999999999909
681.8103636189722   11.400000000000091
682.2914353507965   11.0
682.7725438107045   7.400000000000091
683.2536890143823   9.599999999999909
683.7348709775157   9.799999999999955
684.2160897157904   9.599999999999909
684.6973452448924   9.400000000000091
685.1786375805073   10.0
685.6599667383208   10.400000000000091
686.1413327340192   12.200000000000045
686.6227355832881   10.200000000000045
687.1041753018129   10.0
687.58565190528   10.0
688.067165409375   12.599999999999909
688.5487158297836   12.400000000000091
689.0303031821918   11.0
689.5119274822853   8.400000000000091
689.9935887457499   7.0
690.4752869882716   7.0
690.957022225536   5.599999999999909
691.4387944732289   7.599999999999909
691.9206037470364   7.7999999999999545
692.4024500626439   8.200000000000045
692.8843334357376   4.599999999999909
693.3662538820032   4.7999999999999545
693.8482114171262   6.400000000000091
694.3302060567928   7.0
694.8122378166889   5.7999999999999545
695.2943067125001   6.599999999999909
695.7764127599121   5.400000000000091
696.2585559746108   4.599999999999909
696.7407363722821   4.400000000000091
697.2229539686118   2.7999999999999545
697.7052087792858   5.0
698.1875008199897   3.0
698.6698301064093   2.0
699.1521966542308   1.599999999999909
699.6346004791396   2.400000000000091
700.1170415968219   2.599999999999909
700.599520022963   1.2000000000000455
701.0820357732491   2.2000000000000455
701.564588863366   3.400000000000091
702.0471793089995   3.2000000000000455
702.5298071258352   7.0
703.012472329559   7.2000000000000455
703.4951749358569   9.0
703.9779149604146   14.0
704.460692418918   17.799999999999955
704.9435073270527   19.200000000000045
705.4263597005046   21.200000000000045
705.9092495549597   24.40000000000009
706.3921769061037   28.0
706.8751417696222   29.200000000000045
707.3581441612014   29.40000000000009
707.8411840965267   30.59999999999991
708.3242615912843   28.40000000000009
708.80737666116   28.40000000000009
709.2905293218392   30.200000000000045
709.773719589008   30.40000000000009
710.2569474783523   27.200000000000045
710.7402130055581   25.40000000000009
711.2235161863106   24.0
711.7068570362958   19.59999999999991
712.1902355711999   18.40000000000009
712.6736518067086   18.59999999999991
713.1571057585074   15.200000000000045
713.6405974422822   12.799999999999955
714.1241268737191   9.599999999999909
714.6076940685037   6.599999999999909
715.0912990423219   4.2000000000000455
715.5749418108596   6.2000000000000455
716.0586223898022   2.7999999999999545
716.5423407948359   -0.20000000000004547
717.0260970416465   1.599999999999909
717.5098911459198   1.2000000000000455
717.9937231233414   1.400000000000091
718.4775929895974   -0.20000000000004547
718.9615007603733   -2.0
719.4454464513551   2.0
719.9294300782288   -0.20000000000004547
720.41345165668   1.400000000000091
720.8975112023944   0.20000000000004547
721.3816087310581   0.0
721.8657442583569   0.20000000000004547
722.3499177999762   1.400000000000091
722.8341293716021   -0.40000000000009095
723.3183789889206   -1.7999999999999545
723.8026666676174   -1.400000000000091
724.2869924233781   0.0
724.7713562718886   0.40000000000009095
725.2557582288349   0.0
725.7401983099029   0.599999999999909
726.2246765307781   1.0
726.7091929071462   -1.0
727.1937474546934   0.599999999999909
727.6783401891053   1.0
728.1629711260679   1.400000000000091
728.6476402812668   3.2000000000000455
729.132347670388   1.2000000000000455
729.6170933091171   2.2000000000000455
730.1018772131401   0.599999999999909
730.5866993981429   -0.599999999999909
731.0715598798109   1.7999999999999545
731.5564586738304   0.40000000000009095
732.0413957958868   1.599999999999909
732.5263712616664   1.599999999999909
733.0113850868546   3.7999999999999545
733.4964372871373   1.7999999999999545
733.9815278782004   1.400000000000091
734.4666568757295   -0.599999999999909
734.9518242954109   0.20000000000004547
735.4370301529301   1.0
735.9222744639727   1.2000000000000455
736.4075572442249   1.0
736.8928785093724   0.0
737.378238275101   -0.40000000000009095
737.8636365570962   0.599999999999909
738.3490733710444   0.599999999999909
738.834548732631   2.0
739.320062657542   0.20000000000004547
739.8056151614632   0.40000000000009095
740.2912062600802   0.40000000000009095
740.7768359690791   1.599999999999909
741.2625043041455   0.599999999999909
741.7482112809655   -1.599999999999909
742.2339569152247   1.0
742.7197412226087   0.40000000000009095
743.2055642188037   -1.2000000000000455
743.6914259194955   1.2000000000000455
744.1773263403697   0.7999999999999545
744.6632654971122   -0.599999999999909
745.1492434054088   0.0
745.6352600809454   -1.7999999999999545
746.1213155394078   -0.40000000000009095
746.6074097964818   -1.599999999999909
747.093542867853   0.7999999999999545
747.5797147692074   -0.20000000000004547
748.0659255162309   -2.0
748.5521751246093   -0.20000000000004547
749.0384636100283   4.0
749.5247909881738   1.7999999999999545
750.0111572747315   2.2000000000000455
750.4975624853874   1.7999999999999545
750.9840066358272   2.599999999999909
751.4704897417366   0.0
751.9570118188017   -1.599999999999909
752.4435728827082   -0.20000000000004547
752.9301729491417   1.599999999999909
753.4168120337882   -0.599999999999909
753.9034901523335   -1.0
754.3902073204634   -0.599999999999909
754.876963553864   -0.20000000000004547
755.3637588682208   -1.2000000000000455
755.8505932792194   -1.599999999999909
756.3374668025459   0.20000000000004547
756.8243794538863   -1.2000000000000455
757.3113312489263   -0.20000000000004547
757.7983222033513   -1.2000000000000455
758.2853523328477   -1.599999999999909
758.7724216531009   -2.400000000000091
759.259530179797   -0.7999999999999545
759.7466779286217   0.7999999999999545
760.2338649152607   0.599999999999909
760.7210911553999   0.0
761.2083566647251   1.599999999999909
761.6956614589225   0.0
762.1830055536773   2.2000000000000455
762.6703889646756   2.599999999999909
763.1578117076033   2.7999999999999545
763.645273798146   1.2000000000000455
764.1327752519898   2.599999999999909
764.6203160848202   1.0
765.1078963123232   0.20000000000004547
765.5955159501844   2.2000000000000455
766.0831750140901   1.2000000000000455
766.5708735197258   -1.0
767.0586114827772   -1.400000000000091
767.5463889189302   -0.40000000000009095
768.0342058438707   -1.2000000000000455
768.5220622732846   -0.40000000000009095
769.0099582228574   1.400000000000091
769.4978937082751   0.20000000000004547
769.9858687452236   1.400000000000091
770.4738833493888   2.599999999999909
770.9619375364562   0.20000000000004547
771.4500313221117   1.0
771.9381647220412   1.0
772.4263377519306   1.2000000000000455
772.9145504274655   1.2000000000000455
773.402802764332   3.0
773.8910947782156   -0.599999999999909
774.3794264848023   -0.20000000000004547
774.8677978997779   1.400000000000091
775.3562090388283   -0.7999999999999545
775.844659917639   -0.599999999999909
776.333150551896   -0.599999999999909
776.8216809572851   1.400000000000091
777.3102511494924   1.2000000000000455
777.7988611442034   -1.599999999999909
778.287510957104   -0.40000000000009095
778.7762006038799   -2.2000000000000455
779.2649301002172   0.599999999999909
779.7536994618014   -0.20000000000004547
780.2425087043183   1.2000000000000455
780.731357843454   -1.7999999999999545
781.2202468948942   -0.40000000000009095
781.7091758743247   -0.7999999999999545
782.1981447974314   -1.7999999999999545
782.6871536798999   0.7999999999999545
783.1762025374161   3.2000000000000455
783.665291385666   -2.599999999999909
784.1544202403352   0.7999999999999545
784.6435891171096   -2.599999999999909
785.1327980316748   -0.40000000000009095
785.6220469997171   1.400000000000091
786.111336036922   1.400000000000091
786.6006651589754   -1.7999999999999545
787.0900343815629   0.599999999999909
787.5794437203705   0.0
788.068893191084   0.7999999999999545
788.5583828093893   -1.0
789.0479125909721   -0.20000000000004547
789.5374825515182   -0.7999999999999545
790.0270927067136   -0.40000000000009095
790.5167430722438   -0.20000000000004547
791.006433663795   0.40000000000009095
791.4961644970526   0.20000000000004547
791.9859355877027   -0.40000000000009095
792.4757469514309   0.599999999999909
792.9655986039234   -1.7999999999999545
793.4554905608657   -1.7999999999999545
793.9454228379436   0.0
794.435395450843   0.599999999999909
794.9254084152498   -1.599999999999909
795.4154617468497   0.40000000000009095
795.9055554613285   2.7999999999999545
796.3956895743721   -0.599999999999909
796.8858641016661   2.0
797.3760790588968   -0.20000000000004547
797.8663344617496   -0.599999999999909
798.3566303259105   1.2000000000000455
798.8469666670651   0.599999999999909
799.3373435008995   2.2000000000000455
799.8277608430992   1.599999999999909
800.3182187093503   -0.7999999999999545
800.8087171153384   0.599999999999909
801.2992560767494   0.20000000000004547
801.7898356092693   0.599999999999909
802.2804557285837   0.599999999999909
802.7711164503785   1.400000000000091
803.2618177903393   1.400000000000091
803.7525597641524   2.0
804.243342387503   2.400000000000091
804.7341656760774   -2.7999999999999545
805.2250296455611   0.40000000000009095
805.7159343116402   -0.40000000000009095
806.2068796900004   1.2000000000000455
806.6978657963274   1.400000000000091
807.1888926463071   1.2000000000000455
807.6799602556254   2.599999999999909
808.171068639968   5.7999999999999545
808.6622178150208   6.7999999999999545
809.1534077964695   7.0
809.6446385999999   5.2000000000000455
810.135910241298   5.400000000000091
810.6272227360496   9.200000000000045
811.1185760999404   4.0
811.6099703486562   4.0
812.1014054978828   4.0
812.592881563306   5.2000000000000455
813.0843985606119   5.2000000000000455
813.5759565054861   0.20000000000004547
814.0675554136143   0.0
814.5591953006824   -2.400000000000091
815.0508761823766   1.2000000000000455
815.5425980743821   -0.599999999999909
816.034360992385   -0.40000000000009095
816.5261649520711   -1.599999999999909
817.0180099691262   -1.7999999999999545
817.5098960592362   -0.7999999999999545
818.0018232380869   -0.7999999999999545
818.4937915213638   -0.599999999999909
818.9858009247532   -2.599999999999909
819.4778514639407   -0.7999999999999545
819.9699431546121   0.599999999999909
820.4620760124533   -1.400000000000091
820.9542500531498   1500.2
