336.198   -0.20000000000004547
336.65626893859024   0.0
337.1145630448184   2.400000000000091
337.57288233437015   -0.599999999999909
338.03122682293133   0.40000000000009095
338.48959652618777   3.2000000000000455
338.9479914598253   1.2000000000000455
339.4064116395298   0.0
339.8648570809869   -0.7999999999999545
340.3233277998826   1.2000000000000455
340.7818238119026   1.0
341.2403451327327   3.0
341.6988917780588   0.0
342.15746376356674   1.0
342.6160611049423   2.599999999999909
343.07468381787123   -1.2000000000000455
343.5333319180394   0.0
343.99200542113266   2.400000000000091
344.45070434283673   -0.40000000000009095
344.90942869883753   2.0
345.3681785048208   3.2000000000000455
345.82695377647235   2.099999999999909
346.285754529478   1.0
346.7445807795237   3.2000000000000455
347.20343254229516   3.2000000000000455
347.6623098334781   -0.40000000000009095
348.1212126687585   -1.7999999999999545
348.58014106382205   0.0
349.0390950343546   1.7999999999999545
349.49807459604204   0.7999999999999545
349.95707976457015   1.7999999999999545
350.4161105556247   1.0
350.8751669848916   3.0
351.3342490680565   1.599999999999909
351.79335682080534   -1.599999999999909
352.252490258824   -1.2000000000000455
352.71164939779806   -0.7999999999999545
353.17083425341355   4.0
353.6300448413562   1.0
354.0892811773119   0.40000000000009095
354.54854327696637   0.0
355.00783115600547   -1.0
355.467144830115   1.2000000000000455
355.92648431498077   1.400000000000091
356.38584962628863   2.0
356.84524077972435   0.599999999999909
357.3046577909738   1.400000000000091
357.76410067572283   0.599999999999909
358.22356944965713   1.2000000000000455
358.6830641284626   -1.7999999999999545
359.14258472782495   3.0
359.6021312634302   1.2000000000000455
360.06170375096394   1.7999999999999545
360.5213022061121   -1.400000000000091
360.98092664456055   2.2000000000000455
361.440577081995   0.599999999999909
361.9002535341014   3.2000000000000455
362.3599560165654   2.400000000000091
362.8196845450729   0.7999999999999545
363.2794391353097   1.599999999999909
363.7392198029616   1.2000000000000455
364.1990265637144   0.7999999999999545
364.658859433254   -0.40000000000009095
365.1187184272662   2.599999999999909
365.57860356143675   2.0
366.0385148514515   1.2000000000000455
366.4984523129963   1.7999999999999545
366.9584159617569   1.0
367.41840581341904   1.400000000000091
367.87842188366875   2.2000000000000455
368.3384641881917   1.2000000000000455
368.79853274267384   0.599999999999909
369.2586275628008   2.400000000000091
369.7187486642585   2.599999999999909
370.1788960627328   2.400000000000091
370.6390697739094   -1.2000000000000455
371.0992698134741   0.20000000000004547
371.5594961971128   3.400000000000091
372.0197489405114   1.2000000000000455
372.48002805935556   0.7999999999999545
372.9403335693312   0.599999999999909
373.400665486124   3.400000000000091
373.86102382542   4.0
374.3214086029047   0.40000000000009095
374.7818198342642   0.20000000000004547
375.2422575351842   0.599999999999909
375.70272172135054   -0.40000000000009095
376.163212408449   0.599999999999909
376.6237296121654   1.7999999999999545
377.0842733481856   0.40000000000009095
377.5448436321954   1.599999999999909
378.0054404798806   2.0
378.466063906927   0.7999999999999545
378.9267139290204   2.599999999999909
379.3873905618467   0.599999999999909
379.84809382109165   3.599999999999909
380.3088237224411   1.2000000000000455
380.76958028158083   1.7999999999999545
381.2303635141967   0.7999999999999545
381.6911734359744   1.400000000000091
382.15201006259997   2.400000000000091
382.61287340975906   0.20000000000004547
383.0737634931375   1.2000000000000455
383.5346803284212   3.0
383.9956239312959   -1.400000000000091
384.4565943174473   0.7999999999999545
384.91759150256144   1.400000000000091
385.378615502324   2.0
385.8396663324208   2.0
386.3007440085377   2.2000000000000455
386.76184854636057   0.40000000000009095
387.2229799615751   2.400000000000091
387.6841382698672   -2.0
388.1453234869226   2.400000000000091
388.60653562842725   1.2000000000000455
389.0677747100667   -0.40000000000009095
389.52904074752706   1.2000000000000455
389.99033375649407   1.7999999999999545
390.45165375265344   1.599999999999909
390.9130007516911   3.0
391.3743747692928   0.7999999999999545
391.83577582114435   1.599999999999909
392.2972039229316   0.0
392.75865909034036   3.0
393.2201413390564   0.40000000000009095
393.6816506847656   1.0
394.14318714315374   0.20000000000004547
394.6047507299067   0.40000000000009095
395.0663414607102   1.0
395.5279593512501   3.599999999999909
395.9896044172122   1.2000000000000455
396.45127667428227   3.2000000000000455
396.91297613814623   1.2000000000000455
397.37470282448993   2.400000000000091
397.83645674899907   2.400000000000091
398.2982379273594   1.2000000000000455
398.76004637525693   4.400000000000091
399.22188210837743   -0.599999999999909
399.68374514240656   2.0
400.14563549303034   1.7999999999999545
400.60755317593436   2.400000000000091
401.06949820680467   2.599999999999909
401.53147060132693   1.2000000000000455
401.99347037518703   1.0
402.45549754407074   3.7999999999999545
402.9175521236639   3.0
403.37963412965235   2.7999999999999545
403.8417435777218   2.599999999999909
404.3038804835582   2.599999999999909
404.7660448628473   2.400000000000091
405.22823673127493   1.400000000000091
405.69045610452696   3.599999999999909
406.1527029982891   2.7999999999999545
406.6149774282472   2.0
407.07727941008704   2.599999999999909
407.5396089594946   1.2000000000000455
408.00196609215544   3.7999999999999545
408.46435082375564   6.0
408.92676316998075   2.2000000000000455
409.3892031465168   5.2000000000000455
409.8516707690496   6.2000000000000455
410.31416605326484   4.599999999999909
410.7766890148484   6.400000000000091
411.239239669486   7.7999999999999545
411.7018180328636   7.2000000000000455
412.164424120667   8.799999999999955
412.6270579485819   9.200000000000045
413.0897195322943   5.599999999999909
413.55240888748983   9.200000000000045
414.0151260298544   8.599999999999909
414.47787097507376   11.599999999999909
414.94064373883384   14.400000000000091
415.4034443368203   13.200000000000045
415.8662727847191   12.0
416.329129098216   12.799999999999955
416.7920132929969   14.200000000000045
417.2549253847474   17.200000000000045
417.7178653891535   17.799999999999955
418.18083332190093   15.599999999999909
418.6438291986755   19.799999999999955
419.1068530351631   22.200000000000045
419.56990484704954   20.0
420.03298465002064   24.799999999999955
420.4960924597621   24.59999999999991
420.9592282919599   28.0
421.42239216229973   30.40000000000009
421.88558408646736   26.59999999999991
422.34880408014885   29.0
422.81205215902975   33.59999999999991
423.27532833879593   33.200000000000045
423.73863263513334   36.799999999999955
424.20196506372776   37.799999999999955
424.66532564026494   40.200000000000045
425.1287143804306   40.40000000000009
425.5921312999108   43.0
426.0555764143911   47.0
426.51904973955754   45.59999999999991
426.98255129109583   50.59999999999991
427.4460810846918   54.0
427.9096391360312   56.40000000000009
428.3732254608   62.59999999999991
428.8368400746839   67.79999999999995
429.3004829933686   69.79999999999995
429.7641542325402   75.79999999999995
430.2278538078843   80.0
430.6915817350868   81.79999999999995
431.1553380298335   91.40000000000009
431.6191227078102   96.79999999999995
432.0829357847027   98.40000000000009
432.54677727619696   104.20000000000005
433.0106471979786   112.79999999999995
433.4745455657335   116.40000000000009
433.93847239514747   123.20000000000005
434.40242770190645   124.79999999999995
434.86641150169606   137.4000000000001
435.33042381020226   143.79999999999995
435.79446464311076   147.79999999999995
436.2585340161075   154.79999999999995
436.7226319448782   163.5999999999999
437.18675844510875   174.0
437.65091353248476   180.5999999999999
438.1150972226923   187.4000000000001
438.5793095314171   197.5999999999999
439.04355047434495   207.5999999999999
439.5078200671617   227.0
439.97211832555314   230.0
440.43644526520507   238.4000000000001
440.9008009018033   255.20000000000005
441.36518525103367   265.4000000000001
441.829598328582   273.20000000000005
442.2940401501342   280.5999999999999
442.7585107313759   286.4000000000001
443.22301008799303   292.0
443.68753823567135   305.20000000000005
444.15209519009665   315.5999999999999
444.616680966955   330.79999999999995
445.08129558193184   342.5999999999999
445.54593905071323   351.5999999999999
446.0106113889849   355.79999999999995
446.4753126124327   365.20000000000005
446.9400427367424   379.20000000000005
447.4048017775998   387.4000000000001
447.86958975069086   393.4000000000001
448.3344066717012   402.79999999999995
448.7992525563168   426.5999999999999
449.2641274202234   436.0
449.7290312791068   451.4000000000001
450.19396414865287   475.5999999999999
450.6589260445474   486.79999999999995
451.12391698247615   499.5999999999999
451.58893697812493   516.8
452.05398604717976   527.0
452.5190642053262   553.1999999999998
452.98417146825017   566.4000000000001
453.44930785163757   588.4000000000001
453.91447337117404   594.8000000000002
454.3796680425456   607.5999999999999
454.8448918814378   632.1999999999998
455.3101449035367   625.4000000000001
455.775427124528   619.4000000000001
456.24073856009755   635.0
456.7060792259312   632.0
457.17144913771466   637.1999999999998
457.63684831113386   615.4000000000001
458.1022767618745   621.5999999999999
458.5677345056225   602.1999999999998
459.0332215580636   584.0
459.49873793488365   575.1999999999998
459.96428365176854   563.0
460.42985872440397   564.1999999999998
460.89546316847577   544.5999999999999
461.3610969996698   523.8
461.82676023367185   523.8
462.2924528861677   498.0
462.75817497284334   494.5999999999999
463.22392650938434   469.20000000000005
463.6897075114766   464.4000000000001
464.1555179948061   453.20000000000005
464.6213579750584   454.0
465.08722746791955   442.5999999999999
465.5531264890751   436.20000000000005
466.0190550542112   424.79999999999995
466.4850131790133   413.0
466.9510008791676   416.20000000000005
467.41701817035954   414.20000000000005
467.8830650682752   404.20000000000005
468.3491415886003   409.79999999999995
468.81524774702063   405.0
469.28138355922204   396.5999999999999
469.7475490408903   389.0
470.21374420771144   390.5999999999999
470.67996907537093   382.4000000000001
471.14622365955483   382.0
471.61250797594886   376.0
472.0788220402389   371.4000000000001
472.5451658681107   358.79999999999995
473.01153947525   360.20000000000005
473.47794287734285   345.4000000000001
473.94437609007485   343.79999999999995
474.41083912913206   328.0
474.87733201019995   326.5999999999999
475.34385474896465   319.4000000000001
475.81040736111174   309.0
476.2769898623272   304.5999999999999
476.7436022682968   295.79999999999995
477.21024459470624   291.79999999999995
477.6769168572416   290.20000000000005
478.1436190715884   282.5999999999999
478.61035125343267   281.4000000000001
479.0771134184601   281.0
479.54390558235656   277.20000000000005
480.01072776080787   276.5999999999999
480.4775799694998   269.20000000000005
480.9444622241183   270.5999999999999
481.4113745403489   272.0
481.8783169338778   272.4000000000001
482.3452894203905   273.5999999999999
482.8122920155729   272.79999999999995
483.2793247351109   273.0
483.74638759469025   275.20000000000005
484.2134806099968   281.20000000000005
484.68060379671624   284.20000000000005
485.14775717053465   288.20000000000005
485.61494074713755   286.79999999999995
486.08215454221096   294.79999999999995
486.5493985714406   299.4000000000001
487.01667285051235   298.20000000000005
487.48397739511194   306.4000000000001
487.95131222092516   304.79999999999995
488.418677343638   305.0
488.8860727789362   308.20000000000005
489.3534985425055   314.0
489.8209546500317   312.79999999999995
490.28844111720076   314.4000000000001
490.7559579596984   312.0
491.2235051932105   321.5999999999999
491.69108283342274   322.0
492.158690896021   317.5999999999999
492.62632939669123   320.5999999999999
493.09399835111907   324.4000000000001
493.56169777499036   327.20000000000005
494.029427683991   331.79999999999995
494.4971880938068   326.5999999999999
494.96497902012345   335.4000000000001
495.43280047862686   329.5999999999999
495.9006524850029   336.79999999999995
496.36853505493724   339.4000000000001
496.83644820411587   346.0
497.30439194822446   349.20000000000005
497.7723663029489   352.79999999999995
498.240371283975   355.5999999999999
498.70840690698856   361.4000000000001
499.1764731876753   358.20000000000005
499.64457014172115   369.0
500.11269778481204   373.4000000000001
500.5808561326335   380.5999999999999
501.0490452008716   384.4000000000001
501.51726500521204   387.20000000000005
501.9855155613406   392.20000000000005
502.4537968849432   397.5999999999999
502.92210899170556   400.20000000000005
503.3904518973136   402.0
503.85882561745296   404.4000000000001
504.32723016780966   408.20000000000005
504.7956655640694   408.20000000000005
505.264131821918   412.4000000000001
505.7326289570413   418.4000000000001
506.2011569851251   416.79999999999995
506.66971592185524   424.5999999999999
507.13830578291754   423.4000000000001
507.6069265839978   421.20000000000005
508.07557834078176   435.20000000000005
508.54426106895534   435.20000000000005
509.0129747842044   433.5999999999999
509.4817195022146   435.79999999999995
509.95049523867186   444.20000000000005
510.4193020092619   447.79999999999995
510.88813982967076   451.20000000000005
511.35700871558396   454.4000000000001
511.82590868268755   459.79999999999995
512.2948397466671   460.79999999999995
512.7638019232088   460.20000000000005
513.2327952279982   474.79999999999995
513.701819676721   475.20000000000005
514.1708752850633   478.4000000000001
514.6399620687107   476.4000000000001
515.1090800433492   486.20000000000005
515.5782292246644   480.0
516.0474096283423   482.20000000000005
516.5166212700688   488.20000000000005
516.9858641655295   484.5999999999999
517.45513833041   481.5999999999999
517.9244437803967   486.0
518.393780531175   487.20000000000005
518.8631485984308   488.4000000000001
519.3325479978502   485.20000000000005
519.8019787451185   490.5999999999999
520.2714408559218   492.4000000000001
520.740934345946   496.5999999999999
521.2104592308767   500.79999999999995
521.6800155264   500.20000000000005
522.1496032482013   504.5999999999999
522.6192224119668   512.8
523.0888730333822   502.4000000000001
523.5585551281333   504.79999999999995
524.0282687119059   504.20000000000005
524.4980138003856   503.79999999999995
524.9677904092587   507.4000000000001
525.4375985542106   512.4000000000001
525.9074382509273   507.5999999999999
526.3773095150945   511.20000000000005
526.8472123623982   512.4000000000001
527.3171468085242   512.5999999999999
527.7871128691581   512.0
528.2571105599858   519.2
528.7271398966932   519.2
529.1972008949662   518.5999999999999
529.6672935704903   517.5999999999999
530.1374179389517   528.2
530.6075740160358   529.5999999999999
531.0777618174287   532.8
531.5479813588162   532.4000000000001
532.0182326558842   538.0
532.4885157243182   537.4000000000001
532.9588305798042   549.5999999999999
533.4291772380282   545.2
533.8995557146756   550.0
534.3699660254326   550.5999999999999
534.8404081859846   552.8000000000002
535.310882212018   552.8000000000002
535.7813881192181   558.8000000000002
536.251925923271   542.0
536.7224956398625   552.5999999999999
537.1930972846782   547.8
537.6637308734041   555.0
538.1343964217259   551.5999999999999
538.6050939453297   547.8
539.0758234599009   548.0
539.5465849811254   546.5999999999999
540.0173785246894   549.8000000000002
540.4882041062783   553.1999999999998
540.9590617415782   541.4000000000001
541.4299514462747   545.4000000000001
541.9008732360536   538.2
542.371827126601   544.5999999999999
542.8428131336024   537.5999999999999
543.3138312727438   535.5999999999999
543.7848815597109   540.5999999999999
544.2559640101896   541.2
544.7270786398656   535.2
545.198225464425   539.4000000000001
545.6694044995533   543.8
546.1406157609364   541.4000000000001
546.6118592642603   541.8
547.0831350252105   534.2
547.5544430594731   544.5999999999999
548.0257833827336   545.5999999999999
548.4971560106783   542.2
548.9685609589925   555.4000000000001
549.4399982433624   543.4000000000001
549.9114678794735   552.1999999999998
550.3829698830119   557.1999999999998
550.8545042696634   554.4000000000001
551.3260710551134   562.4000000000001
551.7976702550483   558.5999999999999
552.2693018851535   564.5999999999999
552.7409659611151   563.8000000000002
553.2126624986186   567.1999999999998
553.6843915133501   563.1999999999998
554.1561530209951   563.5999999999999
554.6279470372397   566.5999999999999
555.0997735777697   564.0
555.5716326582708   578.4000000000001
556.0435242944291   569.1999999999998
556.5154485019298   573.0
556.9874052964593   561.1999999999998
557.4593946937032   568.0
557.9314167093474   561.4000000000001
558.4034713590775   562.8000000000002
558.8755586585794   564.1999999999998
559.3476786235392   561.1999999999998
559.8198312696422   551.5999999999999
560.2920166125748   559.0
560.7642346680224   548.8000000000002
561.2364854516709   553.5999999999999
561.7087689792062   550.8000000000002
562.1810852663141   543.4000000000001
562.6534343286802   545.0
563.1258161819907   543.2
563.5982308419311   546.2
564.0706783241873   535.4000000000001
564.5431586444453   541.8
565.0156718183906   542.0
565.4882178617092   533.8
565.960796790087   536.0
566.4334086192096   532.4000000000001
566.906053364763   530.2
567.3787310424328   534.0
567.8514416679052   535.2
568.3241852568656   535.5999999999999
568.796961825   539.8
569.2697713879942   536.4000000000001
569.742613961534   540.5999999999999
570.2154895613053   533.5999999999999
570.6883982029938   545.8
571.1613399022854   540.4000000000001
571.6343146748658   545.2
572.1073225364208   542.0
572.5803635026365   541.2
573.0534375891984   551.8000000000002
573.5265448117925   548.8000000000002
573.9996851861046   553.0
574.4728587278205   543.8
574.9460654526259   548.5999999999999
575.4193053762068   545.2
575.8925785142487   550.0
576.3658848824377   543.8
576.8392244964598   541.2
577.3125973720003   544.5999999999999
577.7860035247454   546.8
578.2594429703807   544.8
578.7329157245923   545.4000000000001
579.2064218030657   536.2
579.6799612214868   538.5999999999999
580.1535339955415   542.5999999999999
580.6271401409155   535.4000000000001
581.1007796732948   531.0
581.5744526083652   536.0
582.0481589618122   533.0
582.521898749322   529.8
582.9956719865801   524.5999999999999
583.4694786892727   520.0
583.9433188730852   522.2
584.4171925537037   528.2
584.8910997468137   517.5999999999999
585.3650404681015   516.0
585.8390147332524   518.8
586.3130225579526   515.8
586.7870639578878   513.8
587.2611389487437   512.5999999999999
587.7352475462064   512.0
588.2093897659614   512.8
588.6835656236946   511.4000000000001
589.1577751350918   507.79999999999995
589.6320183158391   517.4000000000001
590.1062951816219   514.2
590.5806057481262   511.0
591.0549500310378   509.79999999999995
591.5293280460427   513.4000000000001
592.0037398088265   504.5999999999999
592.478185335075   514.0
592.952664640474   508.5999999999999
593.4271777407096   511.4000000000001
593.9017246514672   510.4000000000001
594.376305388433   510.20000000000005
594.8509199672926   508.0
595.3255684037318   509.20000000000005
595.8002507134364   505.4000000000001
596.2749669120925   507.79999999999995
596.7497170153856   502.79999999999995
597.2245010390016   502.5999999999999
597.6993189986264   503.20000000000005
598.1741709099456   501.0
598.6490567886453   500.0
599.1239766504112   501.20000000000005
599.598930510929   492.5999999999999
600.0739183858847   494.5999999999999
600.548940290964   487.79999999999995
601.0239962418526   491.0
601.4990862542368   484.0
601.9742103438018   481.4000000000001
602.4493685262336   481.5999999999999
602.9245608172183   481.20000000000005
603.3997872324417   478.79999999999995
603.8750477875892   464.0
604.3503424983468   469.4000000000001
604.8256713804004   468.0
605.301034449436   460.79999999999995
605.776431721139   463.5999999999999
606.2518632111954   455.4000000000001
606.7273289352911   454.79999999999995
607.2028289091119   447.0
607.6783631483436   444.20000000000005
608.1539316686719   441.4000000000001
608.6295344857825   434.4000000000001
609.1051716153617   439.4000000000001
609.5808430730948   432.4000000000001
610.0565488746681   428.5999999999999
610.5322890357669   430.5999999999999
611.0080635720775   422.5999999999999
611.4838724992853   419.79999999999995
611.9597158330765   423.20000000000005
612.4355935891366   418.0
612.9115057831515   419.79999999999995
613.387452430807   417.79999999999995
613.8634335477891   414.0
614.3394491497836   412.4000000000001
614.815499252476   404.79999999999995
615.2915838715522   403.79999999999995
615.7677030226984   403.4000000000001
616.2438567216   395.20000000000005
616.720044983943   394.0
617.1962678254131   396.20000000000005
617.6725252616961   391.5999999999999
618.1488173084782   388.5999999999999
618.6251439814449   391.4000000000001
619.1015052962819   380.0
619.5779012686751   387.79999999999995
620.0543319143103   384.5999999999999
620.5307972488736   382.0
621.0072972880506   377.4000000000001
621.483832047527   378.5999999999999
621.9604015429887   374.0
622.4370057901217   373.79999999999995
622.9136448046116   369.20000000000005
623.3903186021444   364.5999999999999
623.8670271984055   363.20000000000005
624.3437706090812   363.4000000000001
624.820548849857   360.79999999999995
625.297361936419   353.79999999999995
625.7742098844528   355.20000000000005
626.2510927096441   350.79999999999995
626.7280104276791   346.0
627.2049630542435   340.4000000000001
627.6819506050228   336.20000000000005
628.1589730957031   335.5999999999999
628.6360305419701   332.20000000000005
629.1131229595097   331.0
629.5902503640078   330.20000000000005
630.06741277115   324.79999999999995
630.5446101966221   320.4000000000001
631.0218426561102   312.79999999999995
631.4991101652998   311.20000000000005
631.9764127398771   312.0
632.4537503955274   307.0
632.9311231479369   304.4000000000001
633.4085310127914   296.79999999999995
633.8859740057766   299.0
634.3634521425781   290.79999999999995
634.8409654388821   289.5999999999999
635.3185139103742   282.20000000000005
635.7960975727406   280.4000000000001
636.2737164416666   282.4000000000001
636.7513705328381   276.4000000000001
637.229059861941   276.5999999999999
637.7067844446615   272.20000000000005
638.1845442966847   271.79999999999995
638.662339433697   266.0
639.1401698713838   261.79999999999995
639.6180356254312   261.5999999999999
640.0959367115249   260.0
640.573873145351   256.0
641.0518449425947   253.4000000000001
641.5298521189422   253.4000000000001
642.0078946900794   248.20000000000005
642.485972671692   247.20000000000005
642.9640860794659   245.4000000000001
643.4422349290867   240.4000000000001
643.9204192362403   236.5999999999999
644.3986390166127   234.20000000000005
644.8768942858896   235.20000000000005
645.3551850597568   229.4000000000001
645.8335113538999   231.20000000000005
646.311873184005   224.79999999999995
646.790270565758   224.5999999999999
647.2687035148446   219.4000000000001
647.7471720469504   217.4000000000001
648.2256761777612   212.79999999999995
648.7042159229635   211.20000000000005
649.1827912982423   211.5999999999999
649.6614023192839   204.5999999999999
650.1400490017736   203.4000000000001
650.6187313613979   199.79999999999995
651.0974494138421   197.5999999999999
651.5762031747926   197.5999999999999
652.0549926599343   192.5999999999999
652.5338178849537   192.20000000000005
653.0126788655366   187.5999999999999
653.4915756173685   189.20000000000005
653.9705081561355   186.0
654.4494764975232   178.5999999999999
654.9284806572175   180.20000000000005
655.4075206509043   179.20000000000005
655.8865964942693   175.20000000000005
656.3657082029982   171.5999999999999
656.8448557927771   172.79999999999995
657.3240392792918   171.79999999999995
657.8032586782278   166.0
658.2825140052713   168.5999999999999
658.7618052761078   163.20000000000005
659.2411325064232   158.79999999999995
659.7204957119036   157.4000000000001
660.1998949082346   156.79999999999995
660.6793301111018   152.20000000000005
661.1588013361911   150.0
661.6383085991886   151.20000000000005
662.11785191578   148.79999999999995
662.5974313016509   147.4000000000001
663.0770467724874   144.20000000000005
663.556698343975   141.4000000000001
664.0363860317999   140.20000000000005
664.5161098516478   136.79999999999995
664.9958698192042   134.5999999999999
665.4756659501552   131.4000000000001
665.9554982601866   133.4000000000001
666.4353667649842   127.79999999999995
666.915271480234   129.20000000000005
667.3952124216213   127.0
667.8751896048323   122.79999999999995
668.3552030455528   125.59999999999991
668.8352527594686   122.20000000000005
669.3153387622655   121.20000000000005
669.7954610696291   118.20000000000005
670.2756196972455   117.20000000000005
670.7558146608004   116.20000000000005
671.2360459759798   112.79999999999995
671.7163136584692   113.0
672.1966177239545   111.0
672.6769581881218   111.59999999999991
673.1573350666565   111.0
673.6377483752448   106.59999999999991
674.1181981295722   104.0
674.5986843453246   105.40000000000009
675.079207038188   104.0
675.5597662238481   100.0
676.0403619179906   99.20000000000005
676.5209941363013   102.79999999999995
677.0016628944662   97.0
677.4823682081712   96.59999999999991
677.9631100931019   90.59999999999991
678.4438885649441   93.79999999999995
678.9247036393837   89.20000000000005
679.4055553321066   87.59999999999991
679.8864436587985   89.20000000000005
680.3673686351451   87.40000000000009
680.8483302768325   85.59999999999991
681.3293285995462   83.20000000000005
681.8103636189722   84.79999999999995
682.2914353507965   83.40000000000009
682.7725438107045   79.59999999999991
683.2536890143823   80.40000000000009
683.7348709775157   78.79999999999995
684.2160897157904   76.20000000000005
684.6973452448924   76.79999999999995
685.1786375805073   75.40000000000009
685.6599667383208   73.20000000000005
686.1413327340192   74.20000000000005
686.6227355832881   70.59999999999991
687.1041753018129   70.40000000000009
687.58565190528   70.40000000000009
688.067165409375   68.0
688.5487158297836   66.40000000000009
689.0303031821918   66.79999999999995
689.5119274822853   63.799999999999955
689.9935887457499   62.40000000000009
690.4752869882716   63.40000000000009
690.957022225536   62.200000000000045
691.4387944732289   60.200000000000045
691.9206037470364   61.40000000000009
692.4024500626439   56.200000000000045
692.8843334357376   55.40000000000009
693.3662538820032   55.799999999999955
693.8482114171262   57.200000000000045
694.3302060567928   56.799999999999955
694.8122378166889   51.59999999999991
695.2943067125001   53.799999999999955
695.7764127599121   50.59999999999991
696.2585559746108   53.40000000000009
696.7407363722821   52.0
697.2229539686118   47.40000000000009
697.7052087792858   51.59999999999991
698.1875008199897   51.59999999999991
698.6698301064093   49.0
699.1521966542308   47.200000000000045
699.6346004791396   46.0
700.1170415968219   45.799999999999955
700.599520022963   47.0
701.0820357732491   45.799999999999955
701.564588863366   45.0
702.0471793089995   42.200000000000045
702.5298071258352   44.799999999999955
703.012472329559   43.40000000000009
703.4951749358569   41.200000000000045
703.9779149604146   42.200000000000045
704.460692418918   41.799999999999955
704.9435073270527   43.0
705.4263597005046   38.40000000000009
705.9092495549597   36.40000000000009
706.3921769061037   37.59999999999991
706.8751417696222   37.59999999999991
707.3581441612014   39.799999999999955
707.8411840965267   38.200000000000045
708.3242615912843   37.799999999999955
708.80737666116   33.40000000000009
709.2905293218392   35.40000000000009
709.773719589008   36.40000000000009
710.2569474783523   36.59999999999991
710.7402130055581   32.200000000000045
711.2235161863106   33.59999999999991
711.7068570362958   32.59999999999991
712.1902355711999   33.799999999999955
712.6736518067086   29.40000000000009
713.1571057585074   32.200000000000045
713.6405974422822   29.799999999999955
714.1241268737191   31.200000000000045
714.6076940685037   27.59999999999991
715.0912990423219   30.200000000000045
715.5749418108596   28.799999999999955
716.0586223898022   28.200000000000045
716.5423407948359   28.799999999999955
717.0260970416465   26.0
717.5098911459198   25.799999999999955
717.9937231233414   26.59999999999991
718.4775929895974   26.40000000000009
718.9615007603733   26.40000000000009
719.4454464513551   28.40000000000009
719.9294300782288   23.40000000000009
720.41345165668   23.59999999999991
720.8975112023944   22.59999999999991
721.3816087310581   26.40000000000009
721.8657442583569   24.200000000000045
722.3499177999762   22.799999999999955
722.8341293716021   23.200000000000045
723.3183789889206   21.200000000000045
723.8026666676174   21.799999999999955
724.2869924233781   22.200000000000045
724.7713562718886   20.200000000000045
725.2557582288349   21.799999999999955
725.7401983099029   18.200000000000045
726.2246765307781   18.799999999999955
726.7091929071462   21.59999999999991
727.1937474546934   19.40000000000009
727.6783401891053   19.59999999999991
728.1629711260679   19.200000000000045
728.6476402812668   19.40000000000009
729.132347670388   17.40000000000009
729.6170933091171   16.0
730.1018772131401   18.40000000000009
730.5866993981429   19.200000000000045
731.0715598798109   19.200000000000045
731.5564586738304   17.799999999999955
732.0413957958868   18.0
732.5263712616664   17.200000000000045
733.0113850868546   16.799999999999955
733.4964372871373   15.0
733.9815278782004   16.40000000000009
734.4666568757295   15.799999999999955
734.9518242954109   16.0
735.4370301529301   15.0
735.9222744639727   14.799999999999955
736.4075572442249   15.799999999999955
736.8928785093724   15.400000000000091
737.378238275101   15.200000000000045
737.8636365570962   13.0
738.3490733710444   12.599999999999909
738.834548732631   11.799999999999955
739.320062657542   10.799999999999955
739.8056151614632   14.799999999999955
740.2912062600802   12.200000000000045
740.7768359690791   11.200000000000045
741.2625043041455   13.200000000000045
741.7482112809655   11.400000000000091
742.2339569152247   13.0
742.7197412226087   9.200000000000045
743.2055642188037   11.0
743.6914259194955   9.400000000000091
744.1773263403697   11.799999999999955
744.6632654971122   9.200000000000045
745.1492434054088   9.200000000000045
745.6352600809454   11.0
746.1213155394078   6.2000000000000455
746.6074097964818   11.599999999999909
747.093542867853   9.0
747.5797147692074   10.200000000000045
748.0659255162309   10.599999999999909
748.5521751246093   11.0
749.0384636100283   7.7999999999999545
749.5247909881738   7.400000000000091
750.0111572747315   9.400000000000091
750.4975624853874   7.7999999999999545
750.9840066358272   10.200000000000045
751.4704897417366   9.400000000000091
751.9570118188017   9.599999999999909
752.4435728827082   7.7999999999999545
752.9301729491417   9.0
753.4168120337882   9.599999999999909
753.9034901523335   8.400000000000091
754.3902073204634   10.599999999999909
754.876963553864   8.0
755.3637588682208   7.7999999999999545
755.8505932792194   7.599999999999909
756.3374668025459   6.400000000000091
756.8243794538863   7.0
757.3113312489263   8.200000000000045
757.7983222033513   7.400000000000091
758.2853523328477   8.400000000000091
758.7724216531009   6.400000000000091
759.259530179797   4.599999999999909
759.7466779286217   8.200000000000045
760.2338649152607   4.7999999999999545
760.7210911553999   8.200000000000045
761.2083566647251   8.0
761.6956614589225   6.2000000000000455
762.1830055536773   7.0
762.6703889646756   6.2000000000000455
763.1578117076033   6.400000000000091
763.645273798146   9.200000000000045
764.1327752519898   4.7999999999999545
764.6203160848202   5.400000000000091
765.1078963123232   6.599999999999909
765.5955159501844   5.7999999999999545
766.0831750140901   5.2000000000000455
766.5708735197258   4.400000000000091
767.0586114827772   5.7999999999999545
767.5463889189302   6.599999999999909
768.0342058438707   5.7999999999999545
768.5220622732846   5.0
769.0099582228574   5.2000000000000455
769.4978937082751   4.7999999999999545
769.9858687452236   5.599999999999909
770.4738833493888   6.2000000000000455
770.9619375364562   6.2000000000000455
771.4500313221117   6.7999999999999545
771.9381647220412   4.400000000000091
772.4263377519306   5.7999999999999545
772.9145504274655   5.599999999999909
773.402802764332   7.0
773.8910947782156   4.400000000000091
774.3794264848023   5.400000000000091
774.8677978997779   3.400000000000091
775.3562090388283   4.7999999999999545
775.844659917639   5.400000000000091
776.333150551896   5.2000000000000455
776.8216809572851   4.400000000000091
777.3102511494924   5.599999999999909
777.7988611442034   2.7999999999999545
778.287510957104   3.0
778.7762006038799   4.2000000000000455
779.2649301002172   5.0
779.7536994618014   2.599999999999909
780.2425087043183   4.2000000000000455
780.731357843454   3.2000000000000455
781.2202468948942   3.0
781.7091758743247   3.0
782.1981447974314   2.7999999999999545
782.6871536798999   4.2000000000000455
783.1762025374161   4.599999999999909
783.665291385666   4.400000000000091
784.1544202403352   4.2000000000000455
784.6435891171096   3.2000000000000455
785.1327980316748   3.7999999999999545
785.6220469997171   5.599999999999909
786.111336036922   4.400000000000091
786.6006651589754   3.599999999999909
787.0900343815629   5.400000000000091
787.5794437203705   3.2000000000000455
788.068893191084   3.400000000000091
788.5583828093893   5.0
789.0479125909721   1.599999999999909
789.5374825515182   4.599999999999909
790.0270927067136   2.2000000000000455
790.5167430722438   5.0
791.006433663795   -0.20000000000004547
791.4961644970526   5.0
791.9859355877027   5.7999999999999545
792.4757469514309   3.0
792.9655986039234   4.400000000000091
793.4554905608657   1.400000000000091
793.9454228379436   3.0
794.435395450843   3.400000000000091
794.9254084152498   3.7999999999999545
795.4154617468497   1.2000000000000455
795.9055554613285   1.2000000000000455
796.3956895743721   4.2000000000000455
796.8858641016661   2.7999999999999545
797.3760790588968   2.400000000000091
797.8663344617496   3.2000000000000455
798.3566303259105   2.7999999999999545
798.8469666670651   1.7999999999999545
799.3373435008995   2.599999999999909
799.8277608430992   3.599999999999909
800.3182187093503   2.0
800.8087171153384   5.0
801.2992560767494   2.7999999999999545
801.7898356092693   2.7999999999999545
802.2804557285837   2.2000000000000455
802.7711164503785   4.2000000000000455
803.2618177903393   1.7999999999999545
803.7525597641524   2.599999999999909
804.243342387503   3.599999999999909
804.7341656760774   1.0
805.2250296455611   1.7999999999999545
805.7159343116402   2.2000000000000455
806.2068796900004   6.400000000000091
806.6978657963274   1.400000000000091
807.1888926463071   2.0
807.6799602556254   3.0
808.171068639968   2.2000000000000455
808.6622178150208   4.7999999999999545
809.1534077964695   2.0
809.6446385999999   1.7999999999999545
810.135910241298   1.2000000000000455
810.6272227360496   3.2000000000000455
811.1185760999404   3.0
811.6099703486562   1.400000000000091
812.1014054978828   1.599999999999909
812.592881563306   2.400000000000091
813.0843985606119   2.0
813.5759565054861   3.2000000000000455
814.0675554136143   0.20000000000004547
814.5591953006824   2.0
815.0508761823766   3.7999999999999545
815.5425980743821   2.7999999999999545
816.034360992385   3.2000000000000455
816.5261649520711   0.20000000000004547
817.0180099691262   4.599999999999909
817.5098960592362   1.599999999999909
818.0018232380869   2.7999999999999545
818.4937915213638   0.40000000000009095
818.9858009247532   0.20000000000004547
819.4778514639407   3.0
819.9699431546121   2.400000000000091
820.4620760124533   1.2000000000000455
820.9542500531498   1501.2
