336.198   -1.0
336.65626893859024   -3.0
337.1145630448184   1.0
337.57288233437015   0.0
338.03122682293133   -4.0
338.48959652618777   0.0
338.9479914598253   2.0
339.4064116395298   -3.0
339.8648570809869   1.0
340.3233277998826   2.0
340.7818238119026   -1.0
341.2403451327327   1.0
341.6988917780588   -2.0
342.15746376356674   2.0
342.6160611049423   0.0
343.07468381787123   -2.0
343.5333319180394   -2.0
343.99200542113266   2.0
344.45070434283673   -1.0
344.90942869883753   1.0
345.3681785048208   -1.0
345.82695377647235   0.5
346.285754529478   2.0
346.7445807795237   4.0
347.20343254229516   1.0
347.6623098334781   0.0
348.1212126687585   -5.0
348.58014106382205   -3.0
349.0390950343546   -5.0
349.49807459604204   -2.0
349.95707976457015   1.0
350.4161105556247   4.0
350.8751669848916   1.0
351.3342490680565   2.0
351.79335682080534   1.0
352.252490258824   0.0
352.71164939779806   1.0
353.17083425341355   0.0
353.6300448413562   1.0
354.0892811773119   3.0
354.54854327696637   1.0
355.00783115600547   1.0
355.467144830115   0.0
355.92648431498077   1.0
356.38584962628863   -2.0
356.84524077972435   1.0
357.3046577909738   -5.0
357.76410067572283   -5.0
358.22356944965713   2.0
358.6830641284626   4.0
359.14258472782495   3.0
359.6021312634302   0.0
360.06170375096394   -2.0
360.5213022061121   1.0
360.98092664456055   5.0
361.440577081995   1.0
361.9002535341014   1.0
362.3599560165654   -4.0
362.8196845450729   -1.0
363.2794391353097   4.0
363.7392198029616   -1.0
364.1990265637144   -2.0
364.658859433254   -3.0
365.1187184272662   0.0
365.57860356143675   -2.0
366.0385148514515   3.0
366.4984523129963   0.0
366.9584159617569   2.0
367.41840581341904   -2.0
367.87842188366875   4.0
368.3384641881917   -1.0
368.79853274267384   3.0
369.2586275628008   1.0
369.7187486642585   1.0
370.1788960627328   5.0
370.6390697739094   2.0
371.0992698134741   2.0
371.5594961971128   2.0
372.0197489405114   1.0
372.48002805935556   2.0
372.9403335693312   -1.0
373.400665486124   3.0
373.86102382542   -2.0
374.3214086029047   0.0
374.7818198342642   2.0
375.2422575351842   -2.0
375.70272172135054   -3.0
376.163212408449   2.0
376.6237296121654   0.0
377.0842733481856   1.0
377.5448436321954   3.0
378.0054404798806   2.0
378.466063906927   0.0
378.9267139290204   3.0
379.3873905618467   -3.0
379.84809382109165   2.0
380.3088237224411   -2.0
380.76958028158083   3.0
381.2303635141967   7.0
381.6911734359744   -3.0
382.15201006259997   0.0
382.61287340975906   -2.0
383.0737634931375   1.0
383.5346803284212   2.0
383.9956239312959   -3.0
384.4565943174473   0.0
384.91759150256144   5.0
385.378615502324   1.0
385.8396663324208   3.0
386.3007440085377   3.0
386.76184854636057   1.0
387.2229799615751   -1.0
387.6841382698672   0.0
388.1453234869226   1.0
388.60653562842725   -3.0
389.0677747100667   0.0
389.52904074752706   -4.0
389.99033375649407   2.0
390.45165375265344   4.0
390.9130007516911   -1.0
391.3743747692928   0.0
391.83577582114435   5.0
392.2972039229316   3.0
392.75865909034036   1.0
393.2201413390564   -2.0
393.6816506847656   3.0
394.14318714315374   0.0
394.6047507299067   0.0
395.0663414607102   -1.0
395.5279593512501   1.0
395.9896044172122   0.0
396.45127667428227   2.0
396.91297613814623   4.0
397.37470282448993   3.0
397.83645674899907   4.0
398.2982379273594   6.0
398.76004637525693   -1.0
399.22188210837743   -4.0
399.68374514240656   5.0
400.14563549303034   0.0
400.60755317593436   4.0
401.06949820680467   0.0
401.53147060132693   0.0
401.99347037518703   5.0
402.45549754407074   6.0
402.9175521236639   1.0
403.37963412965235   2.0
403.8417435777218   4.0
404.3038804835582   6.0
404.7660448628473   5.0
405.22823673127493   5.0
405.69045610452696   1.0
406.1527029982891   8.0
406.6149774282472   5.0
407.07727941008704   8.0
407.5396089594946   5.0
408.00196609215544   8.0
408.46435082375564   8.0
408.92676316998075   9.0
409.3892031465168   6.0
409.8516707690496   13.0
410.31416605326484   10.0
410.7766890148484   13.0
411.239239669486   16.0
411.7018180328636   17.0
412.164424120667   15.0
412.6270579485819   15.0
413.0897195322943   13.0
413.55240888748983   21.0
414.0151260298544   19.0
414.47787097507376   27.0
414.94064373883384   22.0
415.4034443368203   24.5
415.8662727847191   27.0
416.329129098216   29.0
416.7920132929969   33.0
417.2549253847474   28.0
417.7178653891535   35.0
418.18083332190093   34.0
418.6438291986755   41.0
419.1068530351631   48.0
419.56990484704954   46.0
420.03298465002064   48.0
420.4960924597621   54.0
420.9592282919599   59.0
421.42239216229973   56.0
421.88558408646736   64.0
422.34880408014885   65.0
422.81205215902975   70.0
423.27532833879593   71.0
423.73863263513334   78.0
424.20196506372776   85.0
424.66532564026494   88.0
425.1287143804306   89.0
425.5921312999108   95.0
426.0555764143911   105.0
426.51904973955754   108.0
426.98255129109583   115.0
427.4460810846918   124.0
427.9096391360312   134.0
428.3732254608   139.0
428.8368400746839   150.0
429.3004829933686   153.0
429.7641542325402   170.0
430.2278538078843   181.0
430.6915817350868   188.0
431.1553380298335   202.0
431.6191227078102   220.0
432.0829357847027   226.0
432.54677727619696   230.0
433.0106471979786   248.0
433.4745455657335   265.0
433.93847239514747   282.0
434.40242770190645   294.0
434.86641150169606   309.0
435.33042381020226   328.0
435.79446464311076   338.0
436.2585340161075   360.0
436.7226319448782   379.0
437.18675844510875   400.0
437.65091353248476   415.0
438.1150972226923   435.0
438.5793095314171   459.0
439.04355047434495   483.0
439.5078200671617   516.0
439.97211832555314   531.0
440.43644526520507   549.0
440.9008009018033   587.0
441.36518525103367   611.0
441.829598328582   632.0
442.2940401501342   642.0
442.7585107313759   661.0
443.22301008799303   672.0
443.68753823567135   699.0
444.15209519009665   730.0
444.616680966955   762.0
445.08129558193184   792.0
445.54593905071323   818.0
446.0106113889849   821.0
446.4753126124327   853.0
446.9400427367424   871.0
447.4048017775998   907.0
447.86958975069086   920.0
448.3344066717012   948.0
448.7992525563168   987.0
449.2641274202234   1013.0
449.7290312791068   1057.0
450.19396414865287   1124.0
450.6589260445474   1149.0
451.12391698247615   1176.0
451.58893697812493   1227.0
452.05398604717976   1239.0
452.5190642053262   1299.0
452.98417146825017   1346.0
453.44930785163757   1379.0
453.91447337117404   1403.0
454.3796680425456   1425.0
454.8448918814378   1472.0
455.3101449035367   1471.0
455.775427124528   1442.0
456.24073856009755   1482.0
456.7060792259312   1464.0
457.17144913771466   1471.0
457.63684831113386   1406.0
458.1022767618745   1427.0
458.5677345056225   1383.0
459.0332215580636   1348.0
459.49873793488365   1312.0
459.96428365176854   1284.0
460.42985872440397   1290.0
460.89546316847577   1249.0
461.3610969996698   1200.0
461.82676023367185   1198.0
462.2924528861677   1143.0
462.75817497284334   1133.0
463.22392650938434   1081.0
463.6897075114766   1085.0
464.1555179948061   1051.0
464.6213579750584   1051.0
465.08722746791955   1025.0
465.5531264890751   1011.0
466.0190550542112   977.0
466.4850131790133   963.0
466.9510008791676   962.0
467.41701817035954   962.0
467.8830650682752   951.0
468.3491415886003   961.0
468.81524774702063   950.0
469.28138355922204   936.0
469.7475490408903   909.0
470.21374420771144   903.0
470.67996907537093   892.0
471.14622365955483   882.0
471.61250797594886   872.0
472.0788220402389   856.0
472.5451658681107   826.0
473.01153947525   835.0
473.47794287734285   784.0
473.94437609007485   785.0
474.41083912913206   755.0
474.87733201019995   753.0
475.34385474896465   735.0
475.81040736111174   713.0
476.2769898623272   702.0
476.7436022682968   678.0
477.21024459470624   671.0
477.6769168572416   669.0
478.1436190715884   657.0
478.61035125343267   657.0
479.0771134184601   655.0
479.54390558235656   644.0
480.01072776080787   643.0
480.4775799694998   636.0
480.9444622241183   638.0
481.4113745403489   648.0
481.8783169338778   647.0
482.3452894203905   652.0
482.8122920155729   659.0
483.2793247351109   657.0
483.74638759469025   662.0
484.2134806099968   670.0
484.68060379671624   676.0
485.14775717053465   691.0
485.61494074713755   691.0
486.08215454221096   702.0
486.5493985714406   719.0
487.01667285051235   714.0
487.48397739511194   730.0
487.95131222092516   726.0
488.418677343638   728.0
488.8860727789362   734.0
489.3534985425055   743.0
489.8209546500317   748.0
490.28844111720076   747.0
490.7559579596984   741.0
491.2235051932105   756.0
491.69108283342274   756.0
492.158690896021   759.0
492.62632939669123   766.0
493.09399835111907   772.0
493.56169777499036   779.0
494.029427683991   786.0
494.4971880938068   779.0
494.96497902012345   805.0
495.43280047862686   798.0
495.9006524850029   811.0
496.36853505493724   818.0
496.83644820411587   838.0
497.30439194822446   851.0
497.7723663029489   855.0
498.240371283975   862.0
498.70840690698856   881.0
499.1764731876753   883.0
499.64457014172115   897.0
500.11269778481204   912.0
500.5808561326335   919.0
501.0490452008716   934.0
501.51726500521204   942.0
501.9855155613406   958.0
502.4537968849432   958.0
502.92210899170556   970.0
503.3904518973136   971.0
503.85882561745296   989.0
504.32723016780966   997.0
504.7956655640694   985.0
505.264131821918   998.0
505.7326289570413   1005.0
506.2011569851251   1008.0
506.66971592185524   1029.0
507.13830578291754   1017.0
507.6069265839978   1025.0
508.07557834078176   1048.0
508.54426106895534   1059.0
509.0129747842044   1053.0
509.4817195022146   1058.0
509.95049523867186   1078.0
510.4193020092619   1084.0
510.88813982967076   1096.0
511.35700871558396   1106.0
511.82590868268755   1121.0
512.2948397466671   1121.0
512.7638019232088   1136.0
513.2327952279982   1144.0
513.701819676721   1159.0
514.1708752850633   1163.0
514.6399620687107   1157.0
515.1090800433492   1182.0
515.5782292246644   1168.0
516.0474096283423   1170.0
516.5166212700688   1185.0
516.9858641655295   1171.0
517.45513833041   1159.0
517.9244437803967   1181.0
518.393780531175   1173.5
518.8631485984308   1166.0
519.3325479978502   1177.0
519.8019787451185   1192.0
520.2714408559218   1194.0
520.740934345946   1195.0
521.2104592308767   1208.0
521.6800155264   1212.0
522.1496032482013   1225.0
522.6192224119668   1231.0
523.0888730333822   1219.0
523.5585551281333   1214.0
524.0282687119059   1219.0
524.4980138003856   1208.0
524.9677904092587   1225.0
525.4375985542106   1237.0
525.9074382509273   1229.0
526.3773095150945   1244.0
526.8472123623982   1245.0
527.3171468085242   1255.0
527.7871128691581   1251.0
528.2571105599858   1268.0
528.7271398966932   1262.0
529.1972008949662   1262.0
529.6672935704903   1267.0
530.1374179389517   1287.0
530.6075740160358   1297.0
531.0777618174287   1306.0
531.5479813588162   1304.0
532.0182326558842   1314.0
532.4885157243182   1308.0
532.9588305798042   1339.0
533.4291772380282   1322.0
533.8995557146756   1336.0
534.3699660254326   1333.0
534.8404081859846   1342.0
535.310882212018   1338.0
535.7813881192181   1354.0
536.251925923271   1316.0
536.7224956398625   1340.0
537.1930972846782   1334.0
537.6637308734041   1341.0
538.1343964217259   1333.0
538.6050939453297   1332.0
539.0758234599009   1324.0
539.5465849811254   1313.0
540.0173785246894   1330.0
540.4882041062783   1338.0
540.9590617415782   1309.0
541.4299514462747   1302.0
541.9008732360536   1308.0
542.371827126601   1315.0
542.8428131336024   1301.0
543.3138312727438   1308.0
543.7848815597109   1321.0
544.2559640101896   1321.0
544.7270786398656   1316.0
545.198225464425   1310.0
545.6694044995533   1331.0
546.1406157609364   1325.0
546.6118592642603   1325.0
547.0831350252105   1325.0
547.5544430594731   1346.0
548.0257833827336   1348.0
548.4971560106783   1336.0
548.9685609589925   1382.0
549.4399982433624   1345.0
549.9114678794735   1368.0
550.3829698830119   1389.0
550.8545042696634   1373.0
551.3260710551134   1392.0
551.7976702550483   1377.0
552.2693018851535   1398.0
552.7409659611151   1390.0
553.2126624986186   1395.0
553.6843915133501   1377.0
554.1561530209951   1392.0
554.6279470372397   1387.0
555.0997735777697   1384.0
555.5716326582708   1407.0
556.0435242944291   1380.0
556.5154485019298   1401.0
556.9874052964593   1371.0
557.4593946937032   1394.0
557.9314167093474   1362.0
558.4034713590775   1352.0
558.8755586585794   1371.0
559.3476786235392   1352.0
559.8198312696422   1349.0
560.2920166125748   1360.0
560.7642346680224   1330.0
561.2364854516709   1346.0
561.7087689792062   1336.0
562.1810852663141   1325.0
562.6534343286802   1316.0
563.1258161819907   1328.0
563.5982308419311   1334.0
564.0706783241873   1308.0
564.5431586444453   1316.0
565.0156718183906   1334.0
565.4882178617092   1311.0
565.960796790087   1318.0
566.4334086192096   1319.0
566.906053364763   1309.0
567.3787310424328   1315.0
567.8514416679052   1329.0
568.3241852568656   1321.0
568.796961825   1334.0
569.2697713879942   1332.0
569.742613961534   1326.0
570.2154895613053   1332.0
570.6883982029938   1346.0
571.1613399022854   1336.0
571.6343146748658   1347.0
572.1073225364208   1341.0
572.5803635026365   1337.0
573.0534375891984   1361.0
573.5265448117925   1348.0
573.9996851861046   1370.0
574.4728587278205   1336.0
574.9460654526259   1351.0
575.4193053762068   1339.0
575.8925785142487   1351.0
576.3658848824377   1330.0
576.8392244964598   1341.0
577.3125973720003   1335.0
577.7860035247454   1324.0
578.2594429703807   1332.0
578.7329157245923   1344.0
579.2064218030657   1317.0
579.6799612214868   1324.0
580.1535339955415   1315.0
580.6271401409155   1310.0
581.1007796732948   1305.0
581.5744526083652   1307.0
582.0481589618122   1302.0
582.521898749322   1286.0
582.9956719865801   1279.0
583.4694786892727   1275.0
583.9433188730852   1284.0
584.4171925537037   1282.0
584.8910997468137   1268.0
585.3650404681015   1268.0
585.8390147332524   1284.0
586.3130225579526   1281.0
586.7870639578878   1263.0
587.2611389487437   1262.0
587.7352475462064   1266.0
588.2093897659614   1277.0
588.6835656236946   1260.0
589.1577751350918   1258.0
589.6320183158391   1277.0
590.1062951816219   1281.0
590.5806057481262   1269.0
591.0549500310378   1266.0
591.5293280460427   1271.0
592.0037398088265   1250.0
592.478185335075   1266.0
592.952664640474   1267.0
593.4271777407096   1260.0
593.9017246514672   1266.0
594.376305388433   1267.0
594.8509199672926   1267.0
595.3255684037318   1268.0
595.8002507134364   1252.0
596.2749669120925   1245.0
596.7497170153856   1237.0
597.2245010390016   1233.0
597.6993189986264   1235.0
598.1741709099456   1222.0
598.6490567886453   1218.0
599.1239766504112   1237.0
599.598930510929   1211.0
600.0739183858847   1213.0
600.548940290964   1191.0
601.0239962418526   1202.0
601.4990862542368   1184.0
601.9742103438018   1170.0
602.4493685262336   1170.0
602.9245608172183   1159.0
603.3997872324417   1156.0
603.8750477875892   1130.0
604.3503424983468   1140.0
604.8256713804004   1141.0
605.301034449436   1123.0
605.776431721139   1121.0
606.2518632111954   1114.0
606.7273289352911   1109.0
607.2028289091119   1093.0
607.6783631483436   1093.0
608.1539316686719   1078.0
608.6295344857825   1071.0
609.1051716153617   1068.0
609.5808430730948   1055.0
610.0565488746681   1051.0
610.5322890357669   1049.0
611.0080635720775   1035.0
611.4838724992853   1022.0
611.9597158330765   1035.0
612.4355935891366   1024.0
612.9115057831515   1022.0
613.387452430807   1020.0
613.8634335477891   1007.0
614.3394491497836   1005.0
614.815499252476   995.0
615.2915838715522   992.0
615.7677030226984   990.0
616.2438567216   982.0
616.720044983943   981.0
617.1962678254131   976.0
617.6725252616961   956.0
618.1488173084782   966.0
618.6251439814449   960.0
619.1015052962819   937.0
619.5779012686751   945.0
620.0543319143103   943.0
620.5307972488736   937.0
621.0072972880506   914.0
621.483832047527   918.0
621.9604015429887   914.0
622.4370057901217   914.0
622.9136448046116   903.0
623.3903186021444   879.0
623.8670271984055   889.0
624.3437706090812   885.0
624.820548849857   871.0
625.297361936419   864.0
625.7742098844528   854.0
626.2510927096441   845.0
626.7280104276791   840.0
627.2049630542435   827.0
627.6819506050228   815.0
628.1589730957031   811.0
628.6360305419701   807.0
629.1131229595097   810.0
629.5902503640078   802.0
630.06741277115   787.0
630.5446101966221   778.0
631.0218426561102   762.0
631.4991101652998   755.0
631.9764127398771   749.0
632.4537503955274   741.0
632.9311231479369   735.0
633.4085310127914   722.0
633.8859740057766   719.0
634.3634521425781   698.0
634.8409654388821   705.0
635.3185139103742   690.0
635.7960975727406   682.0
636.2737164416666   681.0
636.7513705328381   676.0
637.229059861941   666.0
637.7067844446615   658.0
638.1845442966847   654.0
638.662339433697   643.0
639.1401698713838   637.0
639.6180356254312   632.0
640.0959367115249   633.0
640.573873145351   619.0
641.0518449425947   611.0
641.5298521189422   612.0
642.0078946900794   602.0
642.485972671692   595.0
642.9640860794659   587.0
643.4422349290867   580.0
643.9204192362403   577.0
644.3986390166127   566.0
644.8768942858896   566.0
645.3551850597568   552.0
645.8335113538999   552.0
646.311873184005   545.0
646.790270565758   538.0
647.2687035148446   526.0
647.7471720469504   525.0
648.2256761777612   515.0
648.7042159229635   514.0
649.1827912982423   509.0
649.6614023192839   492.0
650.1400490017736   493.0
650.6187313613979   488.0
651.0974494138421   480.0
651.5762031747926   472.0
652.0549926599343   465.0
652.5338178849537   462.0
653.0126788655366   454.0
653.4915756173685   451.0
653.9705081561355   442.0
654.4494764975232   434.0
654.9284806572175   426.0
655.4075206509043   426.0
655.8865964942693   420.0
656.3657082029982   410.0
656.8448557927771   412.0
657.3240392792918   408.0
657.8032586782278   396.0
658.2825140052713   392.0
658.7618052761078   388.0
659.2411325064232   383.0
659.7204957119036   378.0
660.1998949082346   371.0
660.6793301111018   360.0
661.1588013361911   359.0
661.6383085991886   361.0
662.11785191578   354.0
662.5974313016509   343.0
663.0770467724874   344.0
663.556698343975   341.0
664.0363860317999   335.0
664.5161098516478   330.0
664.9958698192042   319.0
665.4756659501552   316.0
665.9554982601866   314.0
666.4353667649842   309.0
666.915271480234   306.0
667.3952124216213   307.0
667.8751896048323   300.0
668.3552030455528   301.0
668.8352527594686   299.0
669.3153387622655   289.0
669.7954610696291   286.0
670.2756196972455   283.0
670.7558146608004   275.0
671.2360459759798   268.0
671.7163136584692   276.0
672.1966177239545   269.0
672.6769581881218   265.0
673.1573350666565   262.0
673.6377483752448   257.0
674.1181981295722   253.0
674.5986843453246   251.0
675.079207038188   246.0
675.5597662238481   242.0
676.0403619179906   238.0
676.5209941363013   243.0
677.0016628944662   236.0
677.4823682081712   230.0
677.9631100931019   222.0
678.4438885649441   223.0
678.9247036393837   219.0
679.4055553321066   219.0
679.8864436587985   212.0
680.3673686351451   206.0
680.8483302768325   208.0
681.3293285995462   203.0
681.8103636189722   199.0
682.2914353507965   196.0
682.7725438107045   188.0
683.2536890143823   192.0
683.7348709775157   185.0
684.2160897157904   182.0
684.6973452448924   184.0
685.1786375805073   173.0
685.6599667383208   181.0
686.1413327340192   174.0
686.6227355832881   169.0
687.1041753018129   168.0
687.58565190528   162.0
688.067165409375   159.0
688.5487158297836   159.0
689.0303031821918   154.0
689.5119274822853   154.0
689.9935887457499   153.0
690.4752869882716   147.0
690.957022225536   150.0
691.4387944732289   145.0
691.9206037470364   144.0
692.4024500626439   137.0
692.8843334357376   136.0
693.3662538820032   134.0
693.8482114171262   134.0
694.3302060567928   133.0
694.8122378166889   129.0
695.2943067125001   132.0
695.7764127599121   123.0
696.2585559746108   125.0
696.7407363722821   122.0
697.2229539686118   120.0
697.7052087792858   119.0
698.1875008199897   115.0
698.6698301064093   113.0
699.1521966542308   111.0
699.6346004791396   113.0
700.1170415968219   110.0
700.599520022963   109.0
701.0820357732491   107.0
701.564588863366   105.0
702.0471793089995   107.0
702.5298071258352   103.0
703.012472329559   95.0
703.4951749358569   96.0
703.9779149604146   99.0
704.460692418918   100.0
704.9435073270527   95.0
705.4263597005046   90.0
705.9092495549597   94.0
706.3921769061037   89.0
706.8751417696222   92.0
707.3581441612014   85.0
707.8411840965267   86.0
708.3242615912843   92.0
708.80737666116   86.0
709.2905293218392   81.0
709.773719589008   82.0
710.2569474783523   84.0
710.7402130055581   80.0
711.2235161863106   77.0
711.7068570362958   70.0
712.1902355711999   73.0
712.6736518067086   74.0
713.1571057585074   80.0
713.6405974422822   71.0
714.1241268737191   71.0
714.6076940685037   67.0
715.0912990423219   70.0
715.5749418108596   75.0
716.0586223898022   63.0
716.5423407948359   63.0
717.0260970416465   62.0
717.5098911459198   63.0
717.9937231233414   61.0
718.4775929895974   65.0
718.9615007603733   66.0
719.4454464513551   62.0
719.9294300782288   58.0
720.41345165668   58.0
720.8975112023944   59.0
721.3816087310581   57.0
721.8657442583569   53.0
722.3499177999762   52.0
722.8341293716021   50.0
723.3183789889206   54.0
723.8026666676174   57.0
724.2869924233781   47.0
724.7713562718886   51.0
725.2557582288349   50.0
725.7401983099029   50.0
726.2246765307781   48.0
726.7091929071462   45.0
727.1937474546934   42.0
727.6783401891053   46.0
728.1629711260679   43.0
728.6476402812668   42.0
729.132347670388   40.0
729.6170933091171   40.0
730.1018772131401   43.0
730.5866993981429   42.0
731.0715598798109   40.0
731.5564586738304   38.0
732.0413957958868   39.0
732.5263712616664   31.0
733.0113850868546   38.0
733.4964372871373   37.0
733.9815278782004   35.0
734.4666568757295   35.0
734.9518242954109   38.0
735.4370301529301   33.0
735.9222744639727   31.0
736.4075572442249   35.0
736.8928785093724   32.0
737.378238275101   31.0
737.8636365570962   30.0
738.3490733710444   32.0
738.834548732631   30.0
739.320062657542   31.0
739.8056151614632   33.0
740.2912062600802   28.0
740.7768359690791   32.0
741.2625043041455   30.0
741.7482112809655   30.0
742.2339569152247   29.0
742.7197412226087   26.0
743.2055642188037   33.0
743.6914259194955   27.0
744.1773263403697   29.0
744.6632654971122   27.0
745.1492434054088   23.0
745.6352600809454   25.0
746.1213155394078   26.0
746.6074097964818   23.0
747.093542867853   22.0
747.5797147692074   25.0
748.0659255162309   23.0
748.5521751246093   22.0
749.0384636100283   24.0
749.5247909881738   19.0
750.0111572747315   21.0
750.4975624853874   25.0
750.9840066358272   24.0
751.4704897417366   19.0
751.9570118188017   19.0
752.4435728827082   20.0
752.9301729491417   20.0
753.4168120337882   20.0
753.9034901523335   19.0
754.3902073204634   17.0
754.876963553864   15.0
755.3637588682208   19.0
755.8505932792194   16.0
756.3374668025459   22.0
756.8243794538863   21.0
757.3113312489263   18.0
757.7983222033513   17.0
758.2853523328477   14.0
758.7724216531009   17.0
759.259530179797   19.0
759.7466779286217   18.0
760.2338649152607   14.0
760.7210911553999   14.0
761.2083566647251   15.0
761.6956614589225   15.0
762.1830055536773   13.0
762.6703889646756   17.0
763.1578117076033   16.0
763.645273798146   11.0
764.1327752519898   9.0
764.6203160848202   13.0
765.1078963123232   16.0
765.5955159501844   13.0
766.0831750140901   13.0
766.5708735197258   17.0
767.0586114827772   9.0
767.5463889189302   12.0
768.0342058438707   9.0
768.5220622732846   8.0
769.0099582228574   12.0
769.4978937082751   15.0
769.9858687452236   11.0
770.4738833493888   13.0
770.9619375364562   10.0
771.4500313221117   9.0
771.9381647220412   7.0
772.4263377519306   14.0
772.9145504274655   10.0
773.402802764332   9.0
773.8910947782156   13.0
774.3794264848023   14.0
774.8677978997779   13.0
775.3562090388283   8.0
775.844659917639   7.0
776.333150551896   12.0
776.8216809572851   7.0
777.3102511494924   13.0
777.7988611442034   7.0
778.287510957104   12.0
778.7762006038799   4.0
779.2649301002172   9.0
779.7536994618014   7.0
780.2425087043183   13.0
780.731357843454   10.0
781.2202468948942   9.0
781.7091758743247   8.0
782.1981447974314   8.0
782.6871536798999   7.0
783.1762025374161   7.0
783.665291385666   6.0
784.1544202403352   9.0
784.6435891171096   6.0
785.1327980316748   9.0
785.6220469997171   9.0
786.111336036922   9.0
786.6006651589754   6.0
787.0900343815629   6.0
787.5794437203705   8.0
788.068893191084   5.0
788.5583828093893   5.0
789.0479125909721   5.0
789.5374825515182   11.0
790.0270927067136   3.0
790.5167430722438   4.0
791.006433663795   12.0
791.4961644970526   8.0
791.9859355877027   7.0
792.4757469514309   0.0
792.9655986039234   2.0
793.4554905608657   8.0
793.9454228379436   6.0
794.435395450843   5.0
794.9254084152498   3.0
795.4154617468497   7.0
795.9055554613285   10.0
796.3956895743721   6.0
796.8858641016661   4.0
797.3760790588968   7.0
797.8663344617496   6.0
798.3566303259105   7.0
798.8469666670651   5.0
799.3373435008995   5.0
799.8277608430992   6.0
800.3182187093503   10.0
800.8087171153384   2.0
801.2992560767494   3.0
801.7898356092693   4.0
802.2804557285837   7.0
802.7711164503785   6.0
803.2618177903393   4.0
803.7525597641524   2.0
804.243342387503   5.0
804.7341656760774   1.0
805.2250296455611   7.0
805.7159343116402   3.0
806.2068796900004   2.0
806.6978657963274   5.0
807.1888926463071   8.0
807.6799602556254   3.0
808.171068639968   1.0
808.6622178150208   8.0
809.1534077964695   7.0
809.6446385999999   5.0
810.135910241298   1.0
810.6272227360496   3.0
811.1185760999404   8.0
811.6099703486562   5.0
812.1014054978828   4.0
812.592881563306   5.0
813.0843985606119   2.0
813.5759565054861   7.0
814.0675554136143   8.0
814.5591953006824   2.0
815.0508761823766   0.0
815.5425980743821   4.0
816.034360992385   5.0
816.5261649520711   3.0
817.0180099691262   1.0
817.5098960592362   6.0
818.0018232380869   6.0
818.4937915213638   1.0
818.9858009247532   0.0
819.4778514639407   4.0
819.9699431546121   5.0
820.4620760124533   3.0
820.9542500531498   1498.0
