188.17	-0.0000E00
188.64	-0.0000E00
189.10	-0.0000E00
189.57	-0.0000E00
190.03	-0.0000E00
190.50	-0.0000E00
190.96	-0.0000E00
191.43	-0.0000E00
191.89	-0.0000E00
192.36	-0.0000E00
192.82	-0.0000E00
193.29	-0.0000E00
193.75	-0.0000E00
194.21	-0.0000E00
194.68	-0.0000E00
195.14	-0.0000E00
195.61	-0.0000E00
196.07	-0.0000E00
196.54	-0.0000E00
197.00	-0.0000E00
197.46	-0.0000E00
197.93	-0.0000E00
198.39	-0.0000E00
198.86	-0.0000E00
199.32	-0.0000E00
199.78	-0.0000E00
200.25	-0.0000E00
200.71	-0.0000E00
201.17	-0.0000E00
201.64	-0.0000E00
202.10	-0.0000E00
202.57	-0.0000E00
203.03	-0.0000E00
203.49	-0.0000E00
203.96	-0.0000E00
204.42	-0.0000E00
204.88	-0.0000E00
205.35	-0.0000E00
205.81	-0.0000E00
206.27	-0.0000E00
206.74	-0.0000E00
207.20	-0.0000E00
207.66	-0.0000E00
208.13	-0.0000E00
208.59	-0.0000E00
209.05	-0.0000E00
209.51	-0.0000E00
209.98	-0.0000E00
210.44	-0.0000E00
210.90	-0.0000E00
211.37	-0.0000E00
211.83	-0.0000E00
212.29	-0.0000E00
212.75	-0.0000E00
213.22	-0.0000E00
213.68	-0.0000E00
214.14	-0.0000E00
214.60	-0.0000E00
215.07	-0.0000E00
215.53	-0.0000E00
215.99	-0.0000E00
216.45	-0.0000E00
216.92	-0.0000E00
217.38	-0.0000E00
217.84	-0.0000E00
218.30	-0.0000E00
218.76	-0.0000E00
219.23	-0.0000E00
219.69	-0.0000E00
220.15	-0.0000E00
220.61	-0.0000E00
221.07	-0.0000E00
221.53	-0.0000E00
222.00	-0.0000E00
222.46	-0.0000E00
222.92	-0.0000E00
223.38	-0.0000E00
223.84	-0.0000E00
224.30	-0.0000E00
224.77	-0.0000E00
225.23	-0.0000E00
225.69	-0.0000E00
226.15	-0.0000E00
226.61	-0.0000E00
227.07	-0.0000E00
227.53	-0.0000E00
227.99	-0.0000E00
228.46	-0.0000E00
228.92	-0.0000E00
229.38	-0.0000E00
229.84	-0.0000E00
230.30	-0.0000E00
230.76	-0.0000E00
231.22	-0.0000E00
231.68	-0.0000E00
232.14	-0.0000E00
232.60	-0.0000E00
233.06	-0.0000E00
233.53	-0.0000E00
233.99	-0.0000E00
234.45	-0.0000E00
234.91	-0.0000E00
235.37	-0.0000E00
235.83	-0.0000E00
236.29	-0.0000E00
236.75	-0.0000E00
237.21	-0.0000E00
237.67	-0.0000E00
238.13	-0.0000E00
238.59	-0.0000E00
239.05	-0.0000E00
239.51	-0.0000E00
239.97	-0.0000E00
240.43	-0.0000E00
240.89	-0.0000E00
241.35	-0.0000E00
241.81	-0.0000E00
242.27	-0.0000E00
242.73	-0.0000E00
243.19	-0.0000E00
243.65	-0.0000E00
244.11	-0.0000E00
244.57	-0.0000E00
245.03	-0.0000E00
245.49	-0.0000E00
245.94	-0.0000E00
246.40	-0.0000E00
246.86	-0.0000E00
247.32	-0.0000E00
247.78	-0.0000E00
248.24	-0.0000E00
248.70	-0.0000E00
249.16	-0.0000E00
249.62	-0.0000E00
250.08	-0.0000E00
250.54	-0.0000E00
250.99	-0.0000E00
251.45	-0.0000E00
251.91	-0.0000E00
252.37	-0.0000E00
252.83	-0.0000E00
253.29	-0.0000E00
253.75	-0.0000E00
254.21	-0.0000E00
254.66	-0.0000E00
255.12	-0.0000E00
255.58	-0.0000E00
256.04	-0.0000E00
256.50	-0.0000E00
256.96	-0.0000E00
257.41	-0.0000E00
257.87	-0.0000E00
258.33	-0.0000E00
258.79	-0.0000E00
259.25	-0.0000E00
259.71	-0.0000E00
260.16	-0.0000E00
260.62	-0.0000E00
261.08	-0.0000E00
261.54	-0.0000E00
261.99	-0.0000E00
262.45	-0.0000E00
262.91	-0.0000E00
263.37	-0.0000E00
263.83	-0.0000E00
264.28	-0.0000E00
264.74	-0.0000E00
265.20	-0.0000E00
265.66	-0.0000E00
266.11	-0.0000E00
266.57	-0.0000E00
267.03	-0.0000E00
267.48	-0.0000E00
267.94	-0.0000E00
268.40	-0.0000E00
268.86	-0.0000E00
269.31	-0.0000E00
269.77	-0.0000E00
270.23	-0.0000E00
270.68	-0.0000E00
271.14	-0.0000E00
271.60	-0.0000E00
272.05	-0.0000E00
272.51	-0.0000E00
272.97	-0.0000E00
273.42	-0.0000E00
273.88	-0.0000E00
274.34	-0.0000E00
274.79	-0.0000E00
275.25	-0.0000E00
275.71	-0.0000E00
276.16	-0.0000E00
276.62	-0.0000E00
277.08	-0.0000E00
277.53	-0.0000E00
277.99	-0.0000E00
278.44	-0.0000E00
278.90	-0.0000E00
279.36	-0.0000E00
279.81	-0.0000E00
280.27	-0.0000E00
280.73	-0.0000E00
281.18	-0.0000E00
281.64	-0.0000E00
282.09	-0.0000E00
282.55	-0.0000E00
283.00	-0.0000E00
283.46	-0.0000E00
283.92	-0.0000E00
284.37	-0.0000E00
284.83	-0.0000E00
285.28	-0.0000E00
285.74	-0.0000E00
286.19	-0.0000E00
286.65	-0.0000E00
287.10	-0.0000E00
287.56	-0.0000E00
288.01	-0.0000E00
288.47	-0.0000E00
288.92	-0.0000E00
289.38	-0.0000E00
289.83	-0.0000E00
290.29	-0.0000E00
290.74	-0.0000E00
291.20	-0.0000E00
291.65	-0.0000E00
292.11	-0.0000E00
292.56	-0.0000E00
293.02	-0.0000E00
293.47	-0.0000E00
293.93	-0.0000E00
294.38	-0.0000E00
294.84	-0.0000E00
295.29	-0.0000E00
295.74	-0.0000E00
296.20	-0.0000E00
296.65	-0.0000E00
297.11	-0.0000E00
297.56	-0.0000E00
298.02	-0.0000E00
298.47	-0.0000E00
298.92	-0.0000E00
299.38	-0.0000E00
299.83	-0.0000E00
300.29	-3.1441E-05
300.74	-3.1421E-05
301.19	-3.0633E-05
301.65	-3.6396E-05
302.10	-3.5518E-05
302.56	-3.5376E-05
303.01	-3.4547E-05
303.46	-3.3432E-05
303.92	-3.2333E-05
304.37	-2.9668E-05
304.82	-3.2546E-05
305.28	-3.3766E-05
305.73	-3.1581E-05
306.18	-3.2896E-05
306.64	-3.8652E-05
307.09	-3.3360E-05
307.54	-3.7402E-05
308.00	-3.6747E-05
308.45	-3.6801E-05
308.90	-3.6638E-05
309.36	-3.5815E-05
309.81	-3.5124E-05
310.26	-3.3156E-05
310.71	-3.4210E-05
311.17	-3.4796E-05
311.62	-3.3821E-05
312.07	-3.1558E-05
312.52	-3.6679E-05
312.98	-3.3584E-05
313.43	-3.0167E-05
313.88	-3.0903E-05
314.34	-3.4748E-05
314.79	-3.1281E-05
315.24	-3.0522E-05
315.69	-3.6538E-05
316.14	-3.4972E-05
316.60	-3.0991E-05
317.05	-2.9026E-05
317.50	-2.9439E-05
317.95	-3.0651E-05
318.41	-3.2025E-05
318.86	-3.4172E-05
319.31	-3.1207E-05
319.76	-3.2770E-05
320.21	-3.1295E-05
320.67	-3.5559E-05
321.12	-3.1099E-05
321.57	-3.2130E-05
322.02	-2.7914E-05
322.47	-3.0150E-05
322.92	-2.9653E-05
323.38	-2.9882E-05
323.83	-3.3264E-05
324.28	-3.1917E-05
324.73	-3.2852E-05
325.18	-3.3719E-05
325.63	-3.7086E-05
326.08	-2.8994E-05
326.53	-3.4343E-05
326.99	-3.8647E-05
327.44	-3.7557E-05
327.89	-3.7327E-05
328.34	-3.5615E-05
328.79	-3.8375E-05
329.24	-4.1318E-05
329.69	-4.0104E-05
330.14	-4.2299E-05
330.59	-4.1179E-05
331.04	-3.8874E-05
331.50	-3.7228E-05
331.95	-3.6612E-05
332.40	-4.0087E-05
332.85	-3.8814E-05
333.30	-3.5373E-05
333.75	-3.6691E-05
334.20	-3.6133E-05
334.65	-3.8209E-05
335.10	-3.4886E-05
335.55	-3.5815E-05
336.00	-3.7559E-05
336.45	-3.6450E-05
336.90	-3.3364E-05
337.35	-3.6758E-05
337.80	-3.2729E-05
338.25	-3.6314E-05
338.70	-3.5908E-05
339.15	-3.5744E-05
339.60	-3.1077E-05
340.05	-3.5862E-05
340.50	-3.2204E-05
340.95	-2.6410E-05
341.40	-3.4234E-05
341.85	-3.4927E-05
342.30	-2.8069E-05
342.75	-2.8702E-05
343.20	-3.0373E-05
343.65	-3.1884E-05
344.10	-3.1239E-05
344.55	-3.2254E-05
344.99	-3.2623E-05
345.44	-2.9084E-05
345.89	-2.6847E-05
346.34	-3.0549E-05
346.79	-2.8540E-05
347.24	-3.1835E-05
347.69	-3.2061E-05
348.14	-2.9372E-05
348.59	-3.2479E-05
349.04	-3.1243E-05
349.48	-2.4414E-05
349.93	-2.9985E-05
350.38	-3.0084E-05
350.83	-2.6205E-05
351.28	-2.7716E-05
351.73	-2.6515E-05
352.18	-2.6556E-05
352.63	-2.8298E-05
353.07	-2.7624E-05
353.52	-2.8521E-05
353.97	-2.5603E-05
354.42	-2.2288E-05
354.87	-2.2680E-05
355.31	-2.3887E-05
355.76	-2.4177E-05
356.21	-2.5088E-05
356.66	-2.1329E-05
357.11	-2.6213E-05
357.56	-2.3230E-05
358.00	-2.3189E-05
358.45	-1.9730E-05
358.90	-2.1510E-05
359.35	-2.1825E-05
359.79	-2.0352E-05
360.24	-2.2312E-05
360.69	-1.9476E-05
361.14	-2.1480E-05
361.58	-2.1232E-05
362.03	-2.3071E-05
362.48	-2.0663E-05
362.93	-2.0800E-05
363.37	-2.1816E-05
363.82	-1.8570E-05
364.27	-2.0152E-05
364.72	-2.2471E-05
365.16	-2.2455E-05
365.61	-2.2394E-05
366.06	-2.0535E-05
366.50	-2.0005E-05
366.95	-2.2653E-05
367.40	-2.1223E-05
367.84	-2.4310E-05
368.29	-1.9808E-05
368.74	-2.1266E-05
369.19	-2.0147E-05
369.63	-1.9474E-05
370.08	-2.0067E-05
370.53	-2.0800E-05
370.97	-2.3335E-05
371.42	-2.0512E-05
371.86	-2.0812E-05
372.31	-2.0052E-05
372.76	-1.7855E-05
373.20	-1.9135E-05
373.65	-1.6645E-05
374.10	-2.0041E-05
374.54	-2.0352E-05
374.99	-1.9081E-05
375.43	-1.7086E-05
375.88	-2.0495E-05
376.33	-1.9521E-05
376.77	-1.9919E-05
377.22	-1.7598E-05
377.66	-1.6474E-05
378.11	-1.9870E-05
378.56	-1.6998E-05
379.00	-1.6373E-05
379.45	-1.4966E-05
379.89	-1.7424E-05
380.34	-1.4975E-05
380.78	-1.4801E-05
381.23	-1.3064E-05
381.67	-1.7960E-05
382.12	-1.5939E-05
382.56	-1.6985E-05
383.01	-1.6490E-05
383.45	-1.6284E-05
383.90	-1.4357E-05
384.34	-1.4766E-05
384.79	-1.5615E-05
385.23	-1.5657E-05
385.68	-1.3510E-05
386.12	-1.3734E-05
386.57	-1.5048E-05
387.01	-1.4366E-05
387.46	-1.4398E-05
387.90	-1.5207E-05
388.35	-1.4731E-05
388.79	-1.6405E-05
389.24	-1.2662E-05
389.68	-1.3003E-05
390.13	-9.5736E-06
390.57	-1.0975E-05
391.02	-9.9727E-06
391.46	-1.0320E-05
391.90	-1.0353E-05
392.35	-1.0124E-05
392.79	-8.3288E-06
393.24	-9.5620E-06
393.68	-8.7980E-06
394.12	-7.5557E-06
394.57	-6.0774E-06
395.01	-7.4710E-06
395.46	-4.7890E-06
395.90	-5.4361E-06
396.34	-4.3482E-06
396.79	-3.2185E-06
397.23	-1.9122E-06
397.67	-6.5516E-07
398.12	1.2847E-07
398.56	-1.8000E-07
399.00	2.8281E-06
399.45	5.3391E-06
399.89	6.3772E-06
400.34	6.9279E-06
400.78	7.6413E-06
401.22	4.5605E-06
401.66	1.4150E-05
402.11	1.4848E-05
402.55	1.7250E-05
402.99	1.7889E-05
403.44	2.1486E-05
403.88	2.2595E-05
404.32	2.7300E-05
404.77	2.8928E-05
405.21	3.1789E-05
405.65	3.6438E-05
406.09	3.8804E-05
406.54	4.2055E-05
406.98	4.6643E-05
407.42	5.1978E-05
407.86	5.9016E-05
408.31	6.1499E-05
408.75	6.4606E-05
409.19	7.0526E-05
409.63	7.3831E-05
410.08	8.1388E-05
410.52	8.6680E-05
410.96	9.1429E-05
411.40	9.5647E-05
411.84	1.0074E-04
412.29	1.0930E-04
412.73	1.1508E-04
413.17	1.2156E-04
413.61	1.2837E-04
414.05	1.3041E-04
414.50	1.3915E-04
414.94	1.4635E-04
415.38	1.5254E-04
415.82	1.5995E-04
416.26	1.6879E-04
416.70	1.7191E-04
417.15	1.7821E-04
417.59	1.8612E-04
418.03	1.9140E-04
418.47	1.9660E-04
418.91	2.0234E-04
419.35	2.0867E-04
419.79	2.1080E-04
420.23	2.1648E-04
420.68	2.2610E-04
421.12	2.2870E-04
421.56	2.3345E-04
422.00	2.3802E-04
422.44	2.4677E-04
422.88	2.4815E-04
423.32	2.5191E-04
423.76	2.6225E-04
424.20	2.6788E-04
424.64	2.6852E-04
425.08	2.7267E-04
425.52	2.7561E-04
425.96	2.8372E-04
426.40	2.8239E-04
426.84	2.9041E-04
427.29	2.9962E-04
427.73	2.9776E-04
428.17	3.0282E-04
428.61	3.1146E-04
429.05	3.1111E-04
429.49	3.1884E-04
429.93	3.2157E-04
430.37	3.2479E-04
430.81	3.2595E-04
431.25	3.3805E-04
431.69	3.3468E-04
432.13	3.4512E-04
432.57	3.5092E-04
433.00	3.5167E-04
433.44	3.5597E-04
433.88	3.6051E-04
434.32	3.6519E-04
434.76	3.6870E-04
435.20	3.7333E-04
435.64	3.7881E-04
436.08	3.7892E-04
436.52	3.8761E-04
436.96	3.9282E-04
437.40	3.9794E-04
437.84	4.0615E-04
438.28	4.1116E-04
438.72	4.2046E-04
439.16	4.1222E-04
439.59	4.2500E-04
440.03	4.3381E-04
440.47	4.3585E-04
440.91	4.4440E-04
441.35	4.4742E-04
441.79	4.4850E-04
442.23	4.4955E-04
442.67	4.6582E-04
443.10	4.7113E-04
443.54	4.7185E-04
443.98	4.7988E-04
444.42	4.7844E-04
444.86	4.8424E-04
445.30	4.9350E-04
445.73	4.9457E-04
446.17	5.1211E-04
446.61	5.1480E-04
447.05	5.1402E-04
447.49	5.2184E-04
447.92	5.2547E-04
448.36	5.2641E-04
448.80	5.2773E-04
449.24	5.4440E-04
449.68	5.4790E-04
450.11	5.3936E-04
450.55	5.5499E-04
450.99	5.5968E-04
451.43	5.7402E-04
451.86	5.8017E-04
452.30	5.7106E-04
452.74	5.8103E-04
453.18	5.8399E-04
453.61	5.9123E-04
454.05	5.9440E-04
454.49	5.9786E-04
454.93	6.1099E-04
455.36	6.1379E-04
455.80	6.2013E-04
456.24	6.3426E-04
456.67	6.2433E-04
457.11	6.4768E-04
457.55	6.3952E-04
457.98	6.5289E-04
458.42	6.5633E-04
458.86	6.7504E-04
459.30	6.6940E-04
459.73	6.7164E-04
460.17	6.7696E-04
460.60	7.0025E-04
461.04	6.9523E-04
461.48	7.1296E-04
461.91	7.0209E-04
462.35	7.1097E-04
462.79	7.3552E-04
463.22	7.3826E-04
463.66	7.3599E-04
464.10	7.4094E-04
464.53	7.4843E-04
464.97	7.5245E-04
465.40	7.6864E-04
465.84	7.7085E-04
466.28	7.8602E-04
466.71	7.8160E-04
467.15	7.9019E-04
467.58	8.0085E-04
468.02	8.0802E-04
468.45	8.0699E-04
468.89	8.2010E-04
469.33	8.2532E-04
469.76	8.3570E-04
470.20	8.3882E-04
470.63	8.4635E-04
471.07	8.5987E-04
471.50	8.7108E-04
471.94	8.7059E-04
472.37	8.8070E-04
472.81	8.8866E-04
473.24	8.9254E-04
473.68	9.0588E-04
474.11	9.0778E-04
474.55	9.2496E-04
474.98	9.2093E-04
475.42	9.2968E-04
475.85	9.2808E-04
476.29	9.3959E-04
476.72	9.4603E-04
477.16	9.6456E-04
477.59	9.7790E-04
478.03	9.7370E-04
478.46	9.7788E-04
478.89	9.8903E-04
479.33	1.0004E-03
479.76	1.0093E-03
480.20	1.0194E-03
480.63	1.0200E-03
481.07	1.0329E-03
481.50	1.0418E-03
481.93	1.0424E-03
482.37	1.0624E-03
482.80	1.0648E-03
483.24	1.0747E-03
483.67	1.0808E-03
484.10	1.0945E-03
484.54	1.0937E-03
484.97	1.1064E-03
485.40	1.1171E-03
485.84	1.1208E-03
486.27	1.1381E-03
486.71	1.1382E-03
487.14	1.1469E-03
487.57	1.1551E-03
488.01	1.1630E-03
488.44	1.1718E-03
488.87	1.1809E-03
489.31	1.1911E-03
489.74	1.1958E-03
490.17	1.2097E-03
490.60	1.2166E-03
491.04	1.2261E-03
491.47	1.2318E-03
491.90	1.2441E-03
492.34	1.2486E-03
492.77	1.2611E-03
493.20	1.2715E-03
493.63	1.2778E-03
494.07	1.2766E-03
494.50	1.3004E-03
494.93	1.3104E-03
495.37	1.3148E-03
495.80	1.3216E-03
496.23	1.3318E-03
496.66	1.3364E-03
497.09	1.3466E-03
497.53	1.3540E-03
497.96	1.3694E-03
498.39	1.3815E-03
498.82	1.3877E-03
499.26	1.4026E-03
499.69	1.4035E-03
500.12	1.4227E-03
500.55	1.4193E-03
500.98	1.4403E-03
501.41	1.4443E-03
501.85	1.4552E-03
502.28	1.4636E-03
502.71	1.4780E-03
503.14	1.4796E-03
503.57	1.4998E-03
504.00	1.5057E-03
504.44	1.5119E-03
504.87	1.5287E-03
505.30	1.5348E-03
505.73	1.5421E-03
506.16	1.5582E-03
506.59	1.5651E-03
507.02	1.5835E-03
507.45	1.5807E-03
507.89	1.6015E-03
508.32	1.6115E-03
508.75	1.6198E-03
509.18	1.6280E-03
509.61	1.6363E-03
510.04	1.6489E-03
510.47	1.6638E-03
510.90	1.6672E-03
511.33	1.6846E-03
511.76	1.6899E-03
512.19	1.7028E-03
512.62	1.7133E-03
513.05	1.7257E-03
513.48	1.7443E-03
513.91	1.7524E-03
514.34	1.7583E-03
514.77	1.7778E-03
515.20	1.7854E-03
515.63	1.7966E-03
516.06	1.7946E-03
516.49	1.8209E-03
516.92	1.8236E-03
517.35	1.8415E-03
517.78	1.8547E-03
518.21	1.8607E-03
518.64	1.8700E-03
519.07	1.8758E-03
519.50	1.8979E-03
519.93	1.9078E-03
520.36	1.9246E-03
520.79	1.9333E-03
521.22	1.9417E-03
521.65	1.9514E-03
522.08	1.9623E-03
522.51	1.9831E-03
522.94	1.9870E-03
523.37	2.0011E-03
523.80	2.0132E-03
524.23	2.0247E-03
524.65	2.0251E-03
525.08	2.0525E-03
525.51	2.0646E-03
525.94	2.0737E-03
526.37	2.0867E-03
526.80	2.0925E-03
527.23	2.1154E-03
527.66	2.1228E-03
528.08	2.1388E-03
528.51	2.1526E-03
528.94	2.1581E-03
529.37	2.1688E-03
529.80	2.1866E-03
530.23	2.1949E-03
530.66	2.2104E-03
531.08	2.2263E-03
531.51	2.2370E-03
531.94	2.2523E-03
532.37	2.2579E-03
532.80	2.2776E-03
533.22	2.2781E-03
533.65	2.3001E-03
534.08	2.3113E-03
534.51	2.3333E-03
534.94	2.3363E-03
535.36	2.3510E-03
535.79	2.3690E-03
536.22	2.3778E-03
536.65	2.3976E-03
537.07	2.4029E-03
537.50	2.4127E-03
537.93	2.4260E-03
538.36	2.4464E-03
538.78	2.4496E-03
539.21	2.4835E-03
539.64	2.4779E-03
540.06	2.5145E-03
540.49	2.5006E-03
540.92	2.5268E-03
541.35	2.5319E-03
541.77	2.5490E-03
542.20	2.5642E-03
542.63	2.5829E-03
543.05	2.5943E-03
543.48	2.6086E-03
543.91	2.6202E-03
544.33	2.6229E-03
544.76	2.6451E-03
545.19	2.6442E-03
545.61	2.6781E-03
546.04	2.6840E-03
546.47	2.6990E-03
546.89	2.7137E-03
547.32	2.7203E-03
547.74	2.7414E-03
548.17	2.7569E-03
548.60	2.7611E-03
549.02	2.7825E-03
549.45	2.7958E-03
549.87	2.8109E-03
550.30	2.8239E-03
550.73	2.8374E-03
551.15	2.8594E-03
551.58	2.8630E-03
552.00	2.8799E-03
552.43	2.8928E-03
552.85	2.9090E-03
553.28	2.9247E-03
553.71	2.9368E-03
554.13	2.9433E-03
554.56	2.9693E-03
554.98	2.9662E-03
555.41	2.9827E-03
555.83	3.0171E-03
556.26	3.0128E-03
556.68	3.0174E-03
557.11	3.0476E-03
557.53	3.0616E-03
557.96	3.0715E-03
558.38	3.0829E-03
558.81	3.1094E-03
559.23	3.1053E-03
559.66	3.1202E-03
560.08	3.1322E-03
560.51	3.1458E-03
560.93	3.1589E-03
561.35	3.1726E-03
561.78	3.1881E-03
562.20	3.1963E-03
562.63	3.2153E-03
563.05	3.2131E-03
563.48	3.2455E-03
563.90	3.2450E-03
564.32	3.2688E-03
564.75	3.2777E-03
565.17	3.2864E-03
565.60	3.3013E-03
566.02	3.3116E-03
566.44	3.3229E-03
566.87	3.3296E-03
567.29	3.3558E-03
567.72	3.3556E-03
568.14	3.3705E-03
568.56	3.3840E-03
568.99	3.4066E-03
569.41	3.4102E-03
569.83	3.4308E-03
570.26	3.4455E-03
570.68	3.4455E-03
571.10	3.4756E-03
571.53	3.4774E-03
571.95	3.4950E-03
572.37	3.5067E-03
572.80	3.5185E-03
573.22	3.5329E-03
573.64	3.5650E-03
574.07	3.5610E-03
574.49	3.5862E-03
574.91	3.5952E-03
575.33	3.6054E-03
575.76	3.6229E-03
576.18	3.6398E-03
576.60	3.6447E-03
577.02	3.6673E-03
577.45	3.6850E-03
577.87	3.6968E-03
578.29	3.7151E-03
578.71	3.7135E-03
579.14	3.7383E-03
579.56	3.7597E-03
579.98	3.7791E-03
580.40	3.7865E-03
580.83	3.8011E-03
581.25	3.8125E-03
581.67	3.8280E-03
582.09	3.8487E-03
582.51	3.8620E-03
582.93	3.8745E-03
583.36	3.8998E-03
583.78	3.9054E-03
584.20	3.9230E-03
584.62	3.9371E-03
585.04	3.9501E-03
585.46	3.9555E-03
585.89	3.9813E-03
586.31	4.0015E-03
586.73	4.0098E-03
587.15	4.0260E-03
587.57	4.0514E-03
587.99	4.0445E-03
588.41	4.0595E-03
588.83	4.0905E-03
589.26	4.0979E-03
589.68	4.1111E-03
590.10	4.1332E-03
590.52	4.1195E-03
590.94	4.1693E-03
591.36	4.1568E-03
591.78	4.1830E-03
592.20	4.1902E-03
592.62	4.2164E-03
593.04	4.2234E-03
593.46	4.2493E-03
593.88	4.2366E-03
594.30	4.2658E-03
594.72	4.2846E-03
595.14	4.2779E-03
595.56	4.2926E-03
595.98	4.3250E-03
596.40	4.3281E-03
596.82	4.3328E-03
597.24	4.3495E-03
597.66	4.3564E-03
598.08	4.3651E-03
598.50	4.3880E-03
598.92	4.3879E-03
599.34	4.4026E-03
599.76	4.4252E-03
600.18	4.4096E-03
600.60	4.4435E-03
601.02	4.4616E-03
601.44	4.4620E-03
601.86	4.4597E-03
602.28	4.4881E-03
602.70	4.4964E-03
603.12	4.5003E-03
603.54	4.5038E-03
603.96	4.5323E-03
604.38	4.5275E-03
604.80	4.5341E-03
605.21	4.5417E-03
605.63	4.5616E-03
606.05	4.5748E-03
606.47	4.5933E-03
606.89	4.5879E-03
607.31	4.6238E-03
607.73	4.6218E-03
608.15	4.6381E-03
608.56	4.6579E-03
608.98	4.6604E-03
609.40	4.6878E-03
609.82	4.7107E-03
610.24	4.7138E-03
610.66	4.7439E-03
611.07	4.7569E-03
611.49	4.7753E-03
611.91	4.7914E-03
612.33	4.8192E-03
612.75	4.8354E-03
613.17	4.8516E-03
613.58	4.8803E-03
614.00	4.8896E-03
614.42	4.9182E-03
614.84	4.9227E-03
615.25	4.9491E-03
615.67	4.9715E-03
616.09	4.9872E-03
616.51	5.0089E-03
616.92	5.0183E-03
617.34	5.0365E-03
617.76	5.0635E-03
618.18	5.0569E-03
618.59	5.0791E-03
619.01	5.1073E-03
619.43	5.1116E-03
619.85	5.1401E-03
620.26	5.1551E-03
620.68	5.1577E-03
621.10	5.2031E-03
621.51	5.1913E-03
621.93	5.2025E-03
622.35	5.2277E-03
622.76	5.2407E-03
623.18	5.2832E-03
623.60	5.2740E-03
624.01	5.2845E-03
624.43	5.3129E-03
624.85	5.2989E-03
625.26	5.3323E-03
625.68	5.3335E-03
626.10	5.3546E-03
626.51	5.3803E-03
626.93	5.4160E-03
627.34	5.4172E-03
627.76	5.4111E-03
628.18	5.4334E-03
628.59	5.4312E-03
629.01	5.4547E-03
629.42	5.4731E-03
629.84	5.4947E-03
630.26	5.5112E-03
630.67	5.5330E-03
631.09	5.5405E-03
631.50	5.5586E-03
631.92	5.5606E-03
632.33	5.5703E-03
632.75	5.5919E-03
633.16	5.6060E-03
633.58	5.6230E-03
633.99	5.6329E-03
634.41	5.6577E-03
634.82	5.6673E-03
635.24	5.6701E-03
635.66	5.7029E-03
636.07	5.7161E-03
636.48	5.7272E-03
636.90	5.7481E-03
637.31	5.7459E-03
637.73	5.7718E-03
638.14	5.7791E-03
638.56	5.8074E-03
638.97	5.8057E-03
639.39	5.8484E-03
639.80	5.8410E-03
640.22	5.8442E-03
640.63	5.8691E-03
641.05	5.9082E-03
641.46	5.9140E-03
641.87	5.9202E-03
642.29	5.9456E-03
642.70	5.9467E-03
643.12	5.9730E-03
643.53	5.9882E-03
643.94	6.0128E-03
644.36	6.0402E-03
644.77	6.0266E-03
645.19	6.0544E-03
645.60	6.0536E-03
646.01	6.1033E-03
646.43	6.1047E-03
646.84	6.1094E-03
647.25	6.1419E-03
647.67	6.1607E-03
648.08	6.1517E-03
648.49	6.1763E-03
648.91	6.2139E-03
649.32	6.2203E-03
649.73	6.2195E-03
650.15	6.2356E-03
650.56	6.2587E-03
650.97	6.2668E-03
651.39	6.2915E-03
651.80	6.3073E-03
652.21	6.3177E-03
652.62	6.3591E-03
653.04	6.3639E-03
653.45	6.3841E-03
653.86	6.3942E-03
654.28	6.4016E-03
654.69	6.4233E-03
655.10	6.4212E-03
655.51	6.4783E-03
655.92	6.4720E-03
656.34	6.5011E-03
656.75	6.5108E-03
657.16	6.5311E-03
657.57	6.5475E-03
657.99	6.5529E-03
658.40	6.5842E-03
658.81	6.5755E-03
659.22	6.6058E-03
659.63	6.6285E-03
660.05	6.6553E-03
660.46	6.6553E-03
660.87	6.6391E-03
661.28	6.6917E-03
661.69	6.6814E-03
662.10	6.7176E-03
662.52	6.7222E-03
662.93	6.7611E-03
663.34	6.7671E-03
663.75	6.7780E-03
664.16	6.8162E-03
664.57	6.8227E-03
664.98	6.8176E-03
665.39	6.8156E-03
665.81	6.8609E-03
666.22	6.8661E-03
666.63	6.9071E-03
667.04	6.9166E-03
667.45	6.8964E-03
667.86	6.9088E-03
668.27	6.9591E-03
668.68	6.9636E-03
669.09	6.9673E-03
669.50	6.9970E-03
669.91	6.9832E-03
670.32	7.0045E-03
670.73	7.0402E-03
671.14	7.0300E-03
671.55	7.0703E-03
671.96	7.0868E-03
672.37	7.0819E-03
672.78	7.1007E-03
673.19	7.1381E-03
673.60	7.1621E-03
674.01	7.1680E-03
674.42	7.1765E-03
674.83	7.1847E-03
675.24	7.2139E-03
675.65	7.2054E-03
676.06	7.2418E-03
676.47	7.2310E-03
676.88	7.2843E-03
677.29	7.2906E-03
677.70	7.3144E-03
678.11	7.3086E-03
678.52	7.3152E-03
678.93	7.3438E-03
679.34	7.3520E-03
679.75	7.3653E-03
680.16	7.3848E-03
680.57	7.4022E-03
680.97	7.4198E-03
681.38	7.4320E-03
681.79	7.4402E-03
682.20	7.4465E-03
682.61	7.4797E-03
683.02	7.4595E-03
683.43	7.5343E-03
683.84	7.5166E-03
684.24	7.5367E-03
684.65	7.5400E-03
685.06	7.5573E-03
685.47	7.5782E-03
685.88	7.6108E-03
686.29	7.6312E-03
686.69	7.6188E-03
687.10	7.6207E-03
687.51	7.6339E-03
687.92	7.6634E-03
688.33	7.6690E-03
688.73	7.6991E-03
689.14	7.7148E-03
689.55	7.7115E-03
689.96	7.7075E-03
690.37	7.7459E-03
690.77	7.7682E-03
691.18	7.7590E-03
691.59	7.7800E-03
692.00	7.7909E-03
692.40	7.8207E-03
692.81	7.8221E-03
693.22	7.8436E-03
693.63	7.8813E-03
694.03	7.8616E-03
694.44	7.8734E-03
694.85	7.8982E-03
695.25	7.9412E-03
695.66	7.9271E-03
696.07	7.9468E-03
696.47	7.9817E-03
696.88	7.9923E-03
697.29	7.9642E-03
697.69	8.0140E-03
698.10	7.9928E-03
698.51	7.9853E-03
698.91	8.0568E-03
699.32	8.0545E-03
699.73	8.0704E-03
700.13	8.0693E-03
700.54	8.1000E-03
700.95	8.0805E-03
701.35	8.1188E-03
701.76	8.1529E-03
702.16	8.0957E-03
702.57	8.1469E-03
702.98	8.1461E-03
703.38	8.1492E-03
703.79	8.1896E-03
704.19	8.2261E-03
704.60	8.1951E-03
705.01	8.2302E-03
705.41	8.1926E-03
705.82	8.2404E-03
706.22	8.2416E-03
706.63	8.2550E-03
707.03	8.3011E-03
707.44	8.2953E-03
707.84	8.3006E-03
708.25	8.2974E-03
708.65	8.3407E-03
709.06	8.3361E-03
709.46	8.3570E-03
709.87	8.3311E-03
710.27	8.3679E-03
710.68	8.3897E-03
711.08	8.3793E-03
711.49	8.3775E-03
711.89	8.4440E-03
712.30	8.4076E-03
712.70	8.4821E-03
713.11	8.4534E-03
713.51	8.4624E-03
713.92	8.4586E-03
714.32	8.5147E-03
714.73	8.5048E-03
715.13	8.5034E-03
715.53	8.5156E-03
715.94	8.5522E-03
716.34	8.5400E-03
716.75	8.5428E-03
717.15	8.5952E-03
717.55	8.5601E-03
717.96	8.5761E-03
718.36	8.6001E-03
718.77	8.6081E-03
719.17	8.6175E-03
719.57	8.5979E-03
719.98	8.6342E-03
720.38	8.6384E-03
720.78	8.6481E-03
721.19	8.6557E-03
721.59	8.6821E-03
721.99	8.6481E-03
722.40	8.7261E-03
722.80	8.7152E-03
723.20	8.7134E-03
723.61	8.7271E-03
724.01	8.7328E-03
724.41	8.6997E-03
724.81	8.7580E-03
725.22	8.7678E-03
725.62	8.7380E-03
726.02	8.8080E-03
726.43	8.8330E-03
726.83	8.7920E-03
727.23	8.8256E-03
727.63	8.8075E-03
728.04	8.8588E-03
728.44	8.8668E-03
728.84	8.8577E-03
729.24	8.8478E-03
729.65	8.9154E-03
730.05	8.8959E-03
730.45	8.9109E-03
730.85	8.9289E-03
731.25	8.9621E-03
731.66	8.9087E-03
732.06	8.9428E-03
732.46	8.9621E-03
732.86	9.0166E-03
733.26	8.9437E-03
733.66	8.9713E-03
734.07	9.0189E-03
734.47	9.0217E-03
734.87	9.0022E-03
735.27	9.0594E-03
735.67	9.0254E-03
736.07	9.0989E-03
736.47	9.0469E-03
736.88	9.1080E-03
737.28	9.0766E-03
737.68	9.1186E-03
738.08	9.0962E-03
738.48	9.1015E-03
738.88	9.1469E-03
739.28	9.1289E-03
739.68	9.1456E-03
740.08	9.0934E-03
740.48	9.1619E-03
740.88	9.1415E-03
741.29	9.1539E-03
741.69	9.1886E-03
742.09	9.1930E-03
742.49	9.1560E-03
742.89	9.2216E-03
743.29	9.2219E-03
743.69	9.1988E-03
744.09	9.2305E-03
744.49	9.2311E-03
744.89	9.2305E-03
745.29	9.2485E-03
745.69	9.2973E-03
746.09	9.2706E-03
746.49	9.3337E-03
746.89	9.3356E-03
747.29	9.3305E-03
747.69	9.2920E-03
748.09	9.3311E-03
748.49	9.3698E-03
748.89	9.3722E-03
749.28	9.3752E-03
749.68	9.4555E-03
750.08	9.4206E-03
750.48	9.4742E-03
750.88	9.5018E-03
751.28	9.4205E-03
751.68	9.5146E-03
752.08	9.5026E-03
752.48	9.5363E-03
752.88	9.5452E-03
753.28	9.5333E-03
753.67	9.5651E-03
754.07	9.5530E-03
754.47	9.5653E-03
754.87	9.5535E-03
755.27	9.5803E-03
755.67	9.5988E-03
756.07	9.5945E-03
756.46	9.5584E-03
756.86	9.5707E-03
757.26	9.5864E-03
757.66	9.5426E-03
758.06	9.5891E-03
758.46	9.5668E-03
758.85	9.6003E-03
759.25	9.5831E-03
759.65	9.5468E-03
760.05	9.5778E-03
760.45	9.5545E-03
760.84	9.5399E-03
761.24	9.5828E-03
761.64	9.5643E-03
762.04	9.6105E-03
762.43	9.5629E-03
762.83	9.6012E-03
763.23	9.5792E-03
763.63	9.6101E-03
764.02	9.5300E-03
764.42	9.6170E-03
764.82	9.5883E-03
765.22	9.5972E-03
765.61	9.6319E-03
766.01	9.5971E-03
766.41	9.5846E-03
766.80	9.5960E-03
767.20	9.6354E-03
767.60	9.5633E-03
767.99	9.6418E-03
768.39	9.6188E-03
768.79	9.6567E-03
769.18	9.6003E-03
769.58	9.6788E-03
769.98	9.6653E-03
770.37	9.6107E-03
770.77	9.6497E-03
771.17	9.6568E-03
771.56	9.6840E-03
771.96	9.6530E-03
772.35	9.6620E-03
772.75	9.6376E-03
773.15	9.6496E-03
773.54	9.6333E-03
773.94	9.6884E-03
774.33	9.6930E-03
774.73	9.6659E-03
775.12	9.6509E-03
775.52	9.7105E-03
775.92	9.6709E-03
776.31	9.6691E-03
776.71	9.6758E-03
777.10	9.7217E-03
777.50	9.6391E-03
777.89	9.6594E-03
778.29	9.6520E-03
778.68	9.6725E-03
779.08	9.6212E-03
779.47	9.7106E-03
779.87	9.6511E-03
780.26	9.6466E-03
780.66	9.6551E-03
781.05	9.7162E-03
781.45	9.6653E-03
781.84	9.7039E-03
782.24	9.7278E-03
782.63	9.7098E-03
783.03	9.7261E-03
783.42	9.6781E-03
783.81	9.6800E-03
784.21	9.7020E-03
784.60	9.6944E-03
785.00	9.7093E-03
785.39	9.6996E-03
785.79	9.6835E-03
786.18	9.6572E-03
786.57	9.6999E-03
786.97	9.6852E-03
787.36	9.7471E-03
787.76	9.6961E-03
788.15	9.6926E-03
788.54	9.6912E-03
788.94	9.7638E-03
789.33	9.6868E-03
789.72	9.6516E-03
790.12	9.7246E-03
790.51	9.6352E-03
790.90	9.6539E-03
791.30	9.6866E-03
791.69	9.7341E-03
792.08	9.6995E-03
792.48	9.6642E-03
792.87	9.6916E-03
793.26	9.6907E-03
793.66	9.7089E-03
794.05	9.7361E-03
794.44	9.6854E-03
794.83	9.6890E-03
795.23	9.6777E-03
795.62	9.6978E-03
796.01	9.6723E-03
796.40	9.7290E-03
796.80	9.7584E-03
797.19	9.7295E-03
797.58	9.6731E-03
797.97	9.6872E-03
798.37	9.7088E-03
798.76	9.7492E-03
799.15	9.6882E-03
799.54	9.6762E-03
799.94	9.6674E-03
800.33	9.6946E-03
800.72	9.6468E-03
801.11	9.7462E-03
801.50	9.7286E-03
801.89	9.7154E-03
802.29	9.6982E-03
802.68	9.6735E-03
803.07	9.7335E-03
803.46	9.7216E-03
803.85	9.7110E-03
804.24	9.6901E-03
804.63	9.7035E-03
805.03	9.6730E-03
805.42	9.7461E-03
805.81	9.6972E-03
806.20	9.6816E-03
806.59	9.6973E-03
806.98	9.7127E-03
807.37	9.7316E-03
807.76	9.7273E-03
808.15	9.6960E-03
808.54	9.7396E-03
808.93	9.7501E-03
809.33	9.7054E-03
809.72	9.7172E-03
810.11	9.6934E-03
810.50	9.7253E-03
810.89	9.7297E-03
811.28	9.6862E-03
811.67	9.6782E-03
812.06	9.7065E-03
812.45	9.7088E-03
812.84	9.6801E-03
813.23	9.7001E-03
813.62	9.6783E-03
814.01	9.7228E-03
814.40	9.7184E-03
814.79	9.6397E-03
815.18	9.7193E-03
815.57	9.7047E-03
815.96	9.6909E-03
816.35	9.6939E-03
816.74	9.6626E-03
817.12	9.7069E-03
817.51	9.6972E-03
817.90	9.6951E-03
818.29	9.6841E-03
818.68	9.7019E-03
819.07	9.6940E-03
819.46	9.6744E-03
819.85	9.6776E-03
820.24	9.7028E-03
820.63	9.6852E-03
821.02	9.7327E-03
821.40	9.7380E-03
821.79	9.6723E-03
822.18	9.6883E-03
822.57	9.6504E-03
822.96	9.7332E-03
823.35	9.7230E-03
823.74	9.6855E-03
824.12	9.7375E-03
824.51	9.6948E-03
824.90	9.6784E-03
825.29	9.7031E-03
825.68	9.6877E-03
826.06	9.7049E-03
826.45	9.6806E-03
826.84	9.6492E-03
827.23	9.7478E-03
827.62	9.7852E-03
828.00	9.7104E-03
828.39	9.7164E-03
828.78	9.6911E-03
829.17	9.6707E-03
829.55	9.6731E-03
829.94	9.6804E-03
830.33	9.7253E-03
830.72	9.7660E-03
831.10	9.7299E-03
831.49	9.7102E-03
831.88	9.7033E-03
832.27	9.6890E-03
832.65	9.7495E-03
833.04	9.6756E-03
833.43	9.7681E-03
833.81	9.6893E-03
834.20	9.7318E-03
834.59	9.6812E-03
834.97	9.7690E-03
835.36	9.7542E-03
835.75	9.7965E-03
836.13	9.7627E-03
836.52	9.7695E-03
836.91	9.7328E-03
837.29	9.7921E-03
837.68	9.7320E-03
838.06	9.7919E-03
838.45	9.7220E-03
838.84	9.8045E-03
839.22	9.7448E-03
839.61	9.7802E-03
839.99	9.7316E-03
840.38	9.7844E-03
840.77	9.7537E-03
841.15	9.7919E-03
841.54	9.7806E-03
841.92	9.7964E-03
842.31	9.7382E-03
842.69	9.7355E-03
843.08	9.7389E-03
843.47	9.7856E-03
843.85	9.7375E-03
844.24	9.7282E-03
844.62	9.7461E-03
845.01	9.7866E-03
845.39	9.7947E-03
845.78	9.7747E-03
846.16	9.7639E-03
846.55	9.8084E-03
846.93	9.7507E-03
847.32	9.7707E-03
847.70	9.7990E-03
848.09	9.7662E-03
848.47	9.7480E-03
848.85	9.7642E-03
849.24	9.8057E-03
849.62	9.8100E-03
850.01	9.7883E-03
850.39	9.7665E-03
850.78	9.7335E-03
851.16	9.7981E-03
851.54	9.7859E-03
851.93	9.8029E-03
852.31	9.8077E-03
852.70	9.8261E-03
853.08	9.8082E-03
853.46	9.7980E-03
853.85	9.8158E-03
854.23	9.8096E-03
854.61	9.8038E-03
855.00	9.8276E-03
855.38	9.7600E-03
855.77	9.8211E-03
856.15	9.7646E-03
856.53	9.8119E-03
856.92	9.8049E-03
857.30	9.8021E-03
857.68	9.8004E-03
858.06	9.7875E-03
858.45	9.8248E-03
858.83	9.7752E-03
859.21	9.8499E-03
859.60	9.8377E-03
859.98	9.7663E-03
860.36	9.7995E-03
860.74	9.8317E-03
861.13	9.8188E-03
861.51	9.7967E-03
861.89	9.7921E-03
862.27	9.8084E-03
862.66	9.8776E-03
863.04	9.8330E-03
863.42	9.7942E-03
863.80	9.8314E-03
864.19	9.7994E-03
864.57	9.7870E-03
864.95	9.8519E-03
865.33	9.8330E-03
865.71	9.8758E-03
866.10	9.9219E-03
866.48	9.7732E-03
866.86	9.8360E-03
867.24	9.7643E-03
867.62	9.9166E-03
868.00	9.8411E-03
868.38	9.7909E-03
868.77	9.8282E-03
869.15	9.8066E-03
869.53	9.8361E-03
869.91	9.8117E-03
870.29	9.7506E-03
870.67	9.8330E-03
871.05	9.7552E-03
871.43	9.8393E-03
871.82	9.8222E-03
872.20	9.8332E-03
872.58	9.7947E-03
872.96	9.8354E-03
873.34	9.8432E-03
873.72	9.8134E-03
874.10	9.8112E-03
874.48	9.7747E-03
874.86	9.7675E-03
875.24	9.7800E-03
875.62	9.8385E-03
876.00	9.7964E-03
876.38	9.8196E-03
876.76	9.8167E-03
877.14	9.8140E-03
877.52	9.7905E-03
877.90	9.8881E-03
878.28	9.8018E-03
878.66	9.7965E-03
879.04	9.8197E-03
879.42	9.7938E-03
879.80	9.7097E-03
880.18	9.8568E-03
880.56	9.7877E-03
880.94	9.7658E-03
881.32	9.8003E-03
881.70	9.7660E-03
882.08	9.7956E-03
882.46	9.7908E-03
882.83	9.7595E-03
883.21	9.8109E-03
883.59	9.8258E-03
883.97	9.7729E-03
884.35	9.8027E-03
884.73	9.7718E-03
885.11	9.8006E-03
885.49	9.7341E-03
885.87	9.8170E-03
886.24	9.7664E-03
886.62	9.7876E-03
887.00	9.7630E-03
887.38	9.7738E-03
887.76	9.7378E-03
888.14	9.7098E-03
888.51	9.7169E-03
888.89	9.7200E-03
889.27	9.7458E-03
889.65	9.6962E-03
890.03	9.6746E-03
890.40	9.7591E-03
890.78	9.7750E-03
891.16	9.6747E-03
891.54	9.6146E-03
891.92	9.6880E-03
892.29	9.6896E-03
892.67	9.6338E-03
893.05	9.7124E-03
893.43	9.6638E-03
893.80	9.7054E-03
894.18	9.6897E-03
894.56	9.7367E-03
894.94	9.6374E-03
895.31	9.6896E-03
895.69	9.5803E-03
896.07	9.6350E-03
896.44	9.6618E-03
896.82	9.6195E-03
897.20	9.6873E-03
897.57	9.6130E-03
897.95	9.7074E-03
898.33	9.6331E-03
898.70	9.6930E-03
899.08	9.6999E-03
899.46	9.6730E-03
899.83	9.7389E-03
900.21	9.7814E-03
900.59	9.7235E-03
900.96	9.7940E-03
901.34	9.7810E-03
901.71	9.7851E-03
902.09	9.8743E-03
902.47	9.8369E-03
902.84	9.8099E-03
903.22	9.8633E-03
903.59	9.9011E-03
903.97	9.9028E-03
904.34	9.8679E-03
904.72	9.8901E-03
905.10	9.8818E-03
905.47	9.8745E-03
905.85	9.8808E-03
906.22	9.9040E-03
906.60	9.7884E-03
906.97	9.8814E-03
907.35	9.7806E-03
907.72	9.8875E-03
908.10	9.8331E-03
908.47	9.8116E-03
908.85	9.7875E-03
909.22	9.8086E-03
909.60	9.7455E-03
909.97	9.8058E-03
910.35	9.7221E-03
910.72	9.7343E-03
911.10	9.6783E-03
911.47	9.6640E-03
911.84	9.6650E-03
912.22	9.7406E-03
912.59	9.6333E-03
912.97	9.5903E-03
913.34	9.6618E-03
913.72	9.5921E-03
914.09	9.6068E-03
914.46	9.6065E-03
914.84	9.6251E-03
915.21	9.5417E-03
915.59	9.6024E-03
915.96	9.6137E-03
916.33	9.5931E-03
916.71	9.4959E-03
917.08	9.5900E-03
917.45	9.6182E-03
917.83	9.6106E-03
918.20	9.5231E-03
918.57	9.6314E-03
918.95	9.5699E-03
919.32	9.4862E-03
919.69	9.5774E-03
920.07	9.4929E-03
920.44	9.5091E-03
920.81	9.5499E-03
921.18	9.4931E-03
921.56	9.5105E-03
921.93	9.5092E-03
922.30	9.5403E-03
922.68	9.5307E-03
923.05	9.5133E-03
923.42	9.4375E-03
923.79	9.4118E-03
924.17	9.3703E-03
924.54	9.4903E-03
924.91	9.4597E-03
925.28	9.4480E-03
925.65	9.4540E-03
926.03	9.4747E-03
926.40	9.3695E-03
926.77	9.4965E-03
927.14	9.3756E-03
927.51	9.2704E-03
927.89	9.4185E-03
928.26	9.3322E-03
928.63	9.4420E-03
929.00	9.4251E-03
929.37	9.4052E-03
929.74	9.4559E-03
930.11	9.4757E-03
930.49	9.4082E-03
930.86	9.3150E-03
931.23	9.2170E-03
931.60	9.3335E-03
931.97	9.2846E-03
932.34	9.2400E-03
932.71	9.3978E-03
933.08	9.2082E-03
933.45	9.2364E-03
933.83	9.2342E-03
934.20	9.2579E-03
934.57	9.0990E-03
934.94	9.2551E-03
935.31	9.1020E-03
935.68	9.1717E-03
936.05	9.1964E-03
936.42	9.1814E-03
936.79	9.2072E-03
937.16	9.2124E-03
937.53	9.0446E-03
937.90	9.0629E-03
938.27	8.7870E-03
938.64	8.9765E-03
939.01	9.0521E-03
939.38	9.0243E-03
939.75	8.9487E-03
940.12	8.8511E-03
940.49	8.9058E-03
940.86	8.8439E-03
941.23	8.9503E-03
941.60	8.8550E-03
941.97	8.8042E-03
942.34	8.8946E-03
942.70	8.8214E-03
943.07	8.7526E-03
943.44	8.6517E-03
943.81	8.7057E-03
944.18	8.5725E-03
944.55	8.6275E-03
944.92	8.7647E-03
945.29	8.7745E-03
945.66	8.6714E-03
946.02	8.8298E-03
946.39	8.7741E-03
946.76	8.5736E-03
947.13	8.7120E-03
947.50	8.5518E-03
947.87	8.6155E-03
948.24	8.8440E-03
948.60	8.6377E-03
948.97	8.7352E-03
949.34	8.6740E-03
949.71	8.7008E-03
950.08	8.6277E-03
950.44	8.7328E-03
950.81	8.6002E-03
951.18	8.8422E-03
951.55	8.6180E-03
951.92	8.6886E-03
952.28	8.7725E-03
952.65	8.6182E-03
953.02	8.6980E-03
953.39	8.7407E-03
953.75	8.8003E-03
954.12	8.7621E-03
954.49	8.7971E-03
954.85	8.6342E-03
955.22	8.5977E-03
955.59	8.6759E-03
955.96	8.5849E-03
956.32	8.7401E-03
956.69	8.8045E-03
957.06	8.8536E-03
957.42	8.6572E-03
957.79	8.7262E-03
958.16	8.7093E-03
958.52	8.7219E-03
958.89	8.7337E-03
959.26	8.7722E-03
959.62	8.7431E-03
959.99	8.7853E-03
960.35	8.6619E-03
960.72	8.6118E-03
961.09	8.6671E-03
961.45	8.8031E-03
961.82	8.6814E-03
962.18	8.8069E-03
962.55	8.8488E-03
962.92	8.5989E-03
963.28	8.7393E-03
963.65	8.7214E-03
964.01	8.7292E-03
964.38	8.7559E-03
964.74	8.7012E-03
965.11	8.6531E-03
965.48	8.5666E-03
965.84	8.6809E-03
966.21	8.5197E-03
966.57	8.6767E-03
966.94	8.6457E-03
967.30	8.5518E-03
967.67	8.4842E-03
968.03	8.6624E-03
968.40	8.5453E-03
968.76	8.5808E-03
969.13	8.5306E-03
969.49	8.5575E-03
969.85	8.4744E-03
970.22	8.6507E-03
970.58	8.6218E-03
970.95	8.4481E-03
971.31	8.3608E-03
971.68	8.4769E-03
972.04	8.5275E-03
972.40	8.5988E-03
972.77	8.4981E-03
973.13	8.3921E-03
973.50	8.4499E-03
973.86	8.4772E-03
974.22	8.5438E-03
974.59	8.5155E-03
974.95	8.3707E-03
975.32	8.4130E-03
975.68	8.3655E-03
976.04	8.3062E-03
976.41	8.4220E-03
976.77	8.4609E-03
977.13	8.3537E-03
977.50	8.2706E-03
977.86	8.2845E-03
978.22	8.1920E-03
978.59	8.2104E-03
978.95	8.2576E-03
979.31	8.2780E-03
979.67	8.3476E-03
980.04	8.1365E-03
980.40	8.4227E-03
980.76	8.1138E-03
981.13	8.2404E-03
981.49	8.2387E-03
981.85	8.0724E-03
982.21	8.1332E-03
982.58	8.0049E-03
982.94	7.7686E-03
983.30	7.9641E-03
983.66	7.9989E-03
984.02	8.1482E-03
984.39	7.9111E-03
984.75	7.8825E-03
985.11	8.1183E-03
985.47	8.2438E-03
985.83	7.8426E-03
986.20	7.7767E-03
986.56	7.9734E-03
986.92	7.7458E-03
987.28	7.9187E-03
987.64	7.7231E-03
988.00	7.5083E-03
988.36	7.6236E-03
988.73	7.6989E-03
989.09	7.6094E-03
989.45	7.6101E-03
989.81	7.9977E-03
990.17	7.5465E-03
990.53	7.9090E-03
990.89	7.4414E-03
991.25	7.4179E-03
991.61	7.5834E-03
991.97	7.4007E-03
992.33	7.5069E-03
992.70	7.5516E-03
993.06	7.7266E-03
993.42	7.2126E-03
993.78	7.5597E-03
994.14	7.4208E-03
994.50	7.3909E-03
994.86	7.0515E-03
995.22	7.0478E-03
995.58	7.2673E-03
995.94	7.0675E-03
996.30	6.9325E-03
996.66	7.1480E-03
997.02	6.8061E-03
997.38	6.6111E-03
997.74	6.7335E-03
998.10	6.7268E-03
998.46	6.9490E-03
998.82	6.5746E-03
999.17	6.7896E-03
999.53	6.7176E-03
999.89	6.5812E-03
1000.25	6.7657E-03
1000.61	6.4818E-03
1000.97	6.5665E-03
1001.33	6.7133E-03
1001.69	6.2839E-03
1002.05	6.8124E-03
1002.41	6.2718E-03
1002.77	6.0673E-03
1003.12	6.2500E-03
1003.48	6.1592E-03
1003.84	5.7400E-03
1004.20	5.8210E-03
1004.56	5.8710E-03
1004.92	6.2632E-03
1005.27	6.1407E-03
1005.63	5.5987E-03
1005.99	5.4674E-03
1006.35	5.5947E-03
1006.71	5.1043E-03
1007.07	5.3115E-03
1007.42	5.7315E-03
1007.78	5.9327E-03
1008.14	5.6555E-03
1008.50	5.1674E-03
1008.85	5.3886E-03
1009.21	4.7477E-03
1009.57	5.0911E-03
1009.93	5.3133E-03
1010.28	5.0943E-03
1010.64	4.6979E-03
1011.00	4.3740E-03
1011.36	4.4501E-03
1011.71	4.2353E-03
1012.07	4.7630E-03
1012.43	4.4715E-03
1012.78	3.5159E-03
1013.14	3.9838E-03
1013.50	4.2790E-03
1013.86	3.9065E-03
1014.21	3.5953E-03
1014.57	4.0170E-03
1014.93	3.6884E-03
1015.28	4.0979E-03
1015.64	3.3691E-03
1015.99	3.2151E-03
1016.35	2.8819E-03
1016.71	2.8495E-03
1017.06	2.6756E-03
1017.42	3.0462E-03
1017.78	2.2815E-03
1018.13	3.3199E-03
1018.49	2.9633E-03
1018.84	1.5207E-03
1019.20	2.7162E-03
1019.55	2.6615E-03
1019.91	2.0717E-03
1020.27	2.4947E-03
1020.62	2.0754E-03
1020.98	1.9366E-03
1021.33	1.5404E-03
1021.69	1.2386E-03
1022.04	1.0571E-03
1022.40	1.0622E-03
1022.75	3.0978E-04
1023.11	1.5630E-03
1023.46	1.4713E-03
1023.82	1.1488E-03
1024.17	1.1461E-03
1024.53	5.4287E-04
1024.88	-1.2473E-04
1025.24	6.0100E-04
1025.59	-4.8119E-04
1025.95	-3.7960E-05
1026.30	-1.0134E-03
1026.66	-8.5621E-04
1027.01	-1.2736E-03
1027.36	-1.2756E-03
1027.72	-1.7813E-03
1028.07	-8.8018E-04
1028.43	-7.4908E-04
1028.78	-9.5656E-04
1029.14	-1.6676E-03
1029.49	-2.2509E-03
1029.84	-2.7133E-03
1030.20	-1.4843E-03
1030.55	-2.6082E-03
1030.90	-2.8597E-03
1031.26	-2.9986E-03
1031.61	-3.4757E-03
1031.96	-2.4809E-03
1032.32	-3.9821E-03
1032.67	-4.7857E-03
1033.02	-4.7857E-03
