380	2.8658
382	3.0149
384	3.1584
386	3.2616
388	3.4173
390	3.5816
392	3.7662
394	3.8722
396	4.0787
398	4.2765
400	4.4159
402	4.571
404	4.7673
406	4.9741
408	5.1648
410	5.3193
412	5.4715
414	5.7599
416	5.9923
418	6.2021
420	6.3751
422	6.612
424	6.8593
426	7.0556
428	7.3129
430	7.5233
432	7.746
434	8.0243
436	8.2766
438	8.5257
440	8.8097
442	9.0586
444	9.3159
446	9.6094
448	9.8982
450	10.2094
452	10.4517
454	10.8111
456	11.1189
458	11.3103
460	11.7048
462	11.9464
464	12.3071
466	12.6854
468	12.9802
470	13.3294
472	13.5742
474	13.948
476	14.3311
478	14.6431
480	14.9804
482	15.355
484	15.6816
486	16.0399
488	16.4841
490	16.7791
492	17.1509
494	17.6514
496	17.9915
498	18.3136
500	18.699
502	19.1114
504	19.5538
506	20.0209
508	20.3628
510	20.7372
512	21.1613
514	21.5817
516	22.017
518	22.3426
520	22.7493
522	23.1919
524	23.5679
526	24.0192
528	24.4045
530	24.8202
532	25.2858
534	25.6914
536	26.2461
538	26.5398
540	27.0404
542	27.5156
544	27.9243
546	28.3141
548	28.8466
550	29.2201
552	29.6423
554	29.9979
556	30.5801
558	31.0101
560	31.4416
562	31.9902
564	32.4588
566	32.9792
568	33.3781
570	33.8878
572	34.2889
574	34.7235
576	35.1334
578	35.5925
580	36.1453
582	36.6639
584	36.9331
586	37.4965
588	38.0661
590	38.6131
592	39.0656
594	39.4792
596	39.8728
598	40.3929
600	40.7741
602	41.4118
604	41.7453
606	42.3601
608	42.7104
610	43.0193
612	43.5652
614	44.1848
616	44.5782
618	44.9422
620	45.3562
622	45.7643
624	46.3751
626	46.9501
628	47.032
630	47.7046
632	47.9847
634	48.5662
636	49.1756
638	49.6452
640	49.8036
642	50.2478
644	50.7951
646	51.1513
648	51.66
650	51.8569
652	52.5683
654	52.8929
656	53.3508
658	53.7928
660	54.3303
662	54.4038
664	55.0739
666	55.6772
668	55.911
670	56.714
672	56.7824
674	57.2041
676	57.7428
678	58.2506
680	58.5519
682	59.0697
684	59.4337
686	59.8013
688	59.7579
690	60.7145
692	60.8548
694	61.1145
696	61.5803
698	62.0116
700	62.6182
702	62.8619
704	63.7193
706	63.7794
708	64.2796
710	64.7321
712	64.9555
714	65.8109
716	66.283
718	66.5298
720	66.9955
722	67.4099
724	67.6341
726	67.9429
728	68.6441
730	69.0891
732	69.4308
734	69.6704
736	70.4154
738	70.7283
740	70.5536
742	71.4515
744	71.3943
746	71.8043
748	72.1114
750	72.7198
752	72.5193
754	73.0404
756	73.1383
758	73.9414
760	74.4615
